1.2507655904
1.2964051162
1.3420446420
1.3876841677
1.4333236935
1.4789632193
1.5246027451
1.5702422708
1.6158817966
1.6615213224
1.7071608482
1.7528003740
1.7984398997
1.8440794255
1.8897189513
1.9353584771
1.9809980028
2.0266375286
2.0722770544
2.1179165802
2.1635561059
2.2091956317
2.2548351575
2.3004746833
2.3461142090
2.3917537348
2.4373932606
2.4830327864
2.5286723122
2.5743118379
2.6199513637
2.6655908895
2.7112304153
2.7568699410
2.8025094668
2.8481489926
2.8937885184
2.9394280441
2.9850675699
3.0307070957
3.0763466215
3.1219861472
3.1676256730
3.2132651988
3.2589047246
3.3045442504
3.3501837761
3.3958233019
3.4414628277
3.4871023535
3.5327418792
3.5783814050
3.6240209308
3.6696604566
3.7152999823
3.7609395081
3.8065790339
3.8522185597
3.8978580855
3.9434976112
3.9891371370
4.0347766628
4.0804161886
4.1260557143
4.1716952401
4.2173347659
4.2629742917
4.3086138174
4.3542533432
4.3998928690
4.4455323948
4.4911719205
4.5368114463
4.5824509721
4.6280904979
4.6737300237
4.7193695494
4.7650090752
4.8106486010
4.8562881268
4.9019276525
4.9475671783
4.9932067041
5.0388462299
5.0844857556
5.1301252814
5.1757648072
5.2214043330
5.2670438587
5.3126833845
5.3583229103
5.4039624361
5.4496019619
5.4952414876
5.5408810134
5.5865205392
5.6321600650
5.6777995907
5.7234391165
5.7690786423
5.8147181681
5.8603576938
5.9059972196
5.9516367454
5.9972762712
6.0429157970
6.0885553227
6.1341948485
6.1798343743
6.2254739001
6.2711134258
6.3167529516
6.3623924774
6.4080320032
6.4536715289
6.4993110547
6.5449505805
6.5905901063
6.6362296320
6.6818691578
6.7275086836
6.7731482094
6.8187877352
6.8644272609
6.9100667867
6.9557063125
7.0013458383
7.0469853640
7.0926248898
7.1382644156
7.1839039414
7.2295434671
7.2751829929
7.3208225187
7.3664620445
7.4121015702
7.4577410960
7.5033806218
7.5490201476
7.5946596734
7.6402991991
7.6859387249
7.7315782507
7.7772177765
7.8228573022
7.8684968280
7.9141363538
7.9597758796
8.0054154053
8.0510549311
8.0966944569
8.1423339827
8.1879735085
8.2336130342
8.2792525600
8.3248920858
8.3705316116
8.4161711373
8.4618106631
8.5074501889
8.5530897147
8.5987292404
8.6443687662
8.6900082920
8.7356478178
8.7812873435
8.8269268693
8.8725663951
8.9182059209
8.9638454467
9.0094849724
9.0551244982
9.1007640240
9.1464035498
9.1920430755
9.2376826013
9.2833221271
9.3289616529
9.3746011786
9.4202407044
9.4658802302
9.5115197560
9.5571592817
9.6027988075
9.6484383333
9.6940778591
9.7397173849
9.7853569106
9.8309964364
9.8766359622
9.9222754880
9.9679150137
10.0135545395
10.0591940653
10.1048335911
10.1504731168
10.1961126426
10.2417521684
10.2873916942
10.3330312199
10.3786707457
10.4243102715
10.4699497973
10.5155893231
10.5612288488
10.6068683746
10.6525079004
10.6981474262
10.7437869519
10.7894264777
10.8350660035
10.8807055293
10.9263450550
10.9719845808
11.0176241066
11.0632636324
11.1089031582
11.1545426839
11.2001822097
11.2458217355
11.2914612613
11.3371007870
11.3827403128
11.4283798386
11.4740193644
11.5196588901
11.5652984159
11.6109379417
11.6565774675
11.7022169932
11.7478565190
11.7934960448
11.8391355706
11.8847750964
11.9304146221
11.9760541479
12.0216936737
12.0673331995
12.1129727252
12.1586122510
12.2042517768
12.2498913026
12.2955308283
12.3411703541
12.3868098799
12.4324494057
12.4780889314
12.5237284572
12.5693679830
12.6150075088
12.6606470346
12.7062865603
12.7519260861
12.7975656119
12.8432051377
12.8888446634
12.9344841892
12.9801237150
13.0257632408
13.0714027665
13.1170422923
13.1626818181
13.2083213439
13.2539608697
13.2996003954
13.3452399212
13.3908794470
13.4365189728
13.4821584985
13.5277980243
13.5734375501
13.6190770759
13.6647166016
13.7103561274
13.7559956532
13.8016351790
13.8472747047
13.8929142305
13.9385537563
13.9841932821
14.0298328079
14.0754723336
14.1211118594
14.1667513852
14.2123909110
14.2580304367
14.3036699625
14.3493094883
14.3949490141
14.4405885398
14.4862280656
14.5318675914
14.5775071172
14.6231466429
14.6687861687
14.7144256945
14.7600652203
14.8057047461
14.8513442718
14.8969837976
14.9426233234
14.9882628492
15.0339023749
15.0795419007
15.1251814265
15.1708209523
15.2164604780
15.2621000038
15.3077395296
15.3533790554
15.3990185812
15.4446581069
15.4902976327
15.5359371585
15.5815766843
15.6272162100
15.6728557358
15.7184952616
15.7641347874
15.8097743131
15.8554138389
15.9010533647
15.9466928905
15.9923324162
16.0379719420
16.0836114678
16.1292509936
16.1748905194
16.2205300451
16.2661695709
16.3118090967
16.3574486225
16.4030881482
16.4487276740
16.4943671998
16.5400067256
16.5856462513
16.6312857771
16.6769253029
16.7225648287
16.7682043544
16.8138438802
16.8594834060
16.9051229318
16.9507624576
16.9964019833
17.0420415091
17.0876810349
17.1333205607
17.1789600864
17.2245996122
17.2702391380
17.3158786638
17.3615181895
17.4071577153
17.4527972411
17.4984367669
17.5440762927
17.5897158184
17.6353553442
17.6809948700
17.7266343958
17.7722739215
17.8179134473
17.8635529731
17.9091924989
17.9548320246
18.0004715504
18.0461110762
18.0917506020
18.1373901277
18.1830296535
18.2286691793
18.2743087051
18.3199482309
18.3655877566
18.4112272824
18.4568668082
18.5025063340
18.5481458597
18.5937853855
18.6394249113
18.6850644371
18.7307039628
18.7763434886
18.8219830144
18.8676225402
18.9132620659
18.9589015917
19.0045411175
19.0501806433
19.0958201691
19.1414596948
19.1870992206
19.2327387464
19.2783782722
19.3240177979
19.3696573237
19.4152968495
19.4609363753
19.5065759010
19.5522154268
19.5978549526
19.6434944784
19.6891340041
19.7347735299
19.7804130557
19.8260525815
19.8716921073
19.9173316330
19.9629711588
20.0086106846
20.0542502104
20.0998897361
20.1455292619
20.1911687877
20.2368083135
20.2824478392
20.3280873650
20.3737268908
20.4193664166
20.4650059424
20.5106454681
20.5562849939
20.6019245197
20.6475640455
20.6932035712
20.7388430970
20.7844826228
20.8301221486
20.8757616743
20.9214012001
20.9670407259
21.0126802517
21.0583197774
21.1039593032
21.1495988290
21.1952383548
21.2408778806
21.2865174063
21.3321569321
21.3777964579
21.4234359837
21.4690755094
21.5147150352
21.5603545610
21.6059940868
21.6516336125
21.6972731383
21.7429126641
21.7885521899
21.8341917156
21.8798312414
21.9254707672
21.9711102930
22.0167498188
22.0623893445
22.1080288703
22.1536683961
22.1993079219
22.2449474476
22.2905869734
22.3362264992
22.3818660250
22.4275055507
22.4731450765
22.5187846023
22.5644241281
22.6100636539
22.6557031796
22.7013427054
22.7469822312
22.7926217570
22.8382612827
22.8839008085
22.9295403343
22.9751798601
23.0208193858
23.0664589116
23.1120984374
23.1577379632
23.2033774889
23.2490170147
23.2946565405
23.3402960663
23.3859355921
23.4315751178
23.4772146436
23.5228541694
23.5684936952
23.6141332209
23.6597727467
23.7054122725
23.7510517983
23.7966913240
23.8423308498
23.8879703756
23.9336099014
23.9792494271
24.0248889529
24.0705284787
24.1161680045
24.1618075303
24.2074470560
24.2530865818
24.2987261076
24.3443656334
24.3900051591
24.4356446849
24.4812842107
24.5269237365
24.5725632622
