0.0000002014
0.0000004060
0.0000007817
0.0000014389
0.0000025368
0.0000042904
0.0000070495
0.0000111200
0.0000168306
0.0000245019
0.0000344006
0.0000467146
0.0000615489
0.0000789476
0.0000989468
0.0001216565
0.0001473652
0.0001766618
0.0002105650
0.0002506522
0.0002991828
0.0003594212
0.0004365278
0.0005349685
0.0006608876
0.0008213310
0.0010240128
0.0012768749
0.0015873974
0.0019616669
0.0024032762
0.0029121989
0.0034838391
0.0041084723
0.0047712662
0.0054529832
0.0061313488
0.0067809110
0.0073772514
0.0079030622
0.0083450210
0.0086953672
0.0089518595
0.0091171792
0.0091979594
0.0092036244
0.0091451844
0.0090340762
0.0088810978
0.0086954767
0.0084841272
0.0082511881
0.0079979486
0.0077216310
0.0074204529
0.0070917358
0.0067339072
0.0063476181
0.0059362533
0.0055059606
0.0050652369
0.0046241726
0.0041934811
0.0037834519
0.0034029615
0.0030586722
0.0027545315
0.0024916532
0.0022692472
0.0020848681
0.0019318429
0.0018057837
0.0017030098
0.0016208766
0.0015577994
0.0015130228
0.0014862271
0.0014770853
0.0014848876
0.0015083286
0.0015455199
0.0015942396
0.0016523872
0.0017185747
0.0017932393
0.0018788528
0.0019805498
0.0021070495
0.0022709949
0.0024895762
0.0027851984
0.0031861669
0.0037273551
0.0044508082
0.0054062378
0.0066513461
0.0082518836
0.0102812868
0.0128196643
0.0159518143
0.0198179066
0.0244589536
0.0299376450
0.0362938712
0.0435304084
0.0516004990
0.0603967588
0.0697435726
0.0793953017
0.0890423605
0.0983264537
0.1068650303
0.1142834381
0.1202516330
0.1245209547
0.1269146412
0.1273981972
0.1262400432
0.1237427475
0.1203097675
0.1164109070
0.1125435690
0.1091936248
0.1067989261
0.1057175801
0.1062023551
0.1083820981
0.1122508115
0.1176649587
0.1243494981
0.1319129782
0.1398609568
0.1475826843
0.1545155438
0.1601484718
0.1640573067
0.1659431643
0.1656598635
0.1632262953
0.1588213903
0.1527617814
0.1454649273
0.1374027777
0.1290525230
0.1208512304
0.1131601606
0.1062437543
0.1003290563
0.0953960916
0.0914039185
0.0882572568
0.0858289096
0.0839798992
0.0825758008
0.0814984801
0.0806530048
0.0799699679
0.0794038946
0.0789287851
0.0785321332
0.0782088450
0.0779563079
0.0777731218
0.0776554700
0.0775954561
0.0775895867
0.0776363948
0.0777360753
0.0778891075
0.0780943407
0.0783472096
0.0786387177
0.0789555907
0.0792816406
0.0796000020
0.0798956175
0.0801572547
0.0803784737
0.0805551192
0.0806899458
0.0807859818
0.0808448960
0.0808676557
0.0808552160
0.0808096504
0.0807351557
0.0806384707
0.0805285159
0.0804153739
0.0803089655
0.0802178529
0.0801484951
0.0801050452
0.0800896816
0.0801039576
0.0801433398
0.0802023739
0.0802721910
0.0803402690
0.0803908084
0.0804057134
0.0803659469
0.0802529385
0.0800497915
0.0797422217
0.0793193580
0.0787746541
0.0781071237
0.0773229263
0.0764347551
0.0754714038
0.0744752350
0.0734933641
0.0725792230
0.0717892784
0.0711796557
0.0708032067
0.0707073824
0.0709330166
0.0715138725
0.0724766062
0.0738407092
0.0756180253
0.0778115848
0.0804137429
0.0834238117
0.0867832071
0.0904290016
0.0942876824
0.0982714013
0.1022817829
0.1062150691
0.1099680923
0.1134444583
0.1165602960
0.1192489951
0.1214645003
0.1231829286
0.1244025030
0.1251420038
0.1254339825
0.1253153244
0.1248779702
0.1241926221
0.1233337231
0.1223771746
0.1213983906
0.1204704448
0.1196619982
0.1190347069
0.1186399220
0.1185147220
0.1186776140
0.1191245454
0.1198260706
0.1207265406
0.1217462070
0.1227723929
0.1236892406
0.1243865181
0.1247655072
0.1247479716
0.1242828205
0.1233495947
0.1219583871
0.1201464084
0.1179719728
0.1155070654
0.1128297529
0.1100174969
0.1071420104
0.1042658236
0.1014462562
0.0987217332
0.0961169219
0.0936467988
0.0913176542
0.0891288994
0.0870748475
0.0851462483
0.0833314763
0.0816174218
0.0799902523
0.0784362490
0.0769428673
0.0755000397
0.0741015939
0.0727473023
0.0714455025
0.0702062526
0.0690468470
0.0679870980
0.0670464147
0.0662405713
0.0655786782
0.0650608503
0.0646768988
0.0644061311
0.0642181047
0.0640740514
0.0639286943
0.0637323154
0.0634331010
0.0629713901
0.0622972537
0.0613788914
0.0601916807
0.0587257204
0.0569871606
0.0549980751
0.0527948593
0.0504253465
0.0479450046
0.0454126935
0.0428865014
0.0404201365
0.0380602207
0.0358446523
0.0338020035
0.0319654839
0.0303341485
0.0289092443
0.0276872786
0.0266596883
0.0258135410
0.0251322137
0.0245961674
0.0241838910
0.0238730028
0.0236414044
0.0234683289
0.0233351333
0.0232257542
0.0231268444
0.0230275067
0.0229186044
0.0227946607
0.0226521098
0.0224890041
0.0223045836
0.0220987503
0.0218715175
0.0216225374
0.0213508101
0.0210546432
0.0207318718
0.0203802831
0.0199981368
0.0195846609
0.0191404257
0.0186664513
0.0181676915
0.0176506879
0.0171226295
0.0165918136
0.0160671148
0.0155572364
0.0150698357
0.0146106930
0.0141831337
0.0137878760
0.0134233756
0.0130865997
0.0127740272
0.0124825988
0.0122103444
0.0119578639
0.0117240094
0.0115089087
0.0113119933
0.0111315741
0.0109647907
0.0108078832
0.0106566845
0.0105071894
0.0103560595
0.0102009586
0.0100406656
0.0098749699
0.0097044081
0.0095299230
0.0093524832
0.0091729190
0.0089917655
0.0088090323
0.0086244146
0.0084374443
0.0082477089
0.0080551085
0.0078600981
0.0076638521
0.0074682961
0.0072759817
0.0070898220
0.0069127450
0.0067473468
0.0065956190
0.0064595657
0.0063391234
0.0062334406
0.0061413290
0.0060610084
0.0059902281
0.0059264483
0.0058670829
0.0058097643
0.0057525681
0.0056941339
0.0056336487
0.0055707051
0.0055050920
0.0054366002
0.0053648933
0.0052892311
0.0052093211
0.0051246868
0.0050349498
0.0049398856
0.0048395044
0.0047341643
0.0046246824
0.0045123779
0.0043989798
0.0042863682
0.0041761797
0.0040693781
0.0039659315
0.0038647303
0.0037637491
0.0036604434
0.0035529840
0.0034404693
0.0033230538
0.0032017755
0.0030781669
0.0029537935
0.0028298619
0.0027069918
0.0025851860
0.0024639727
0.0023426579
0.0022206167
0.0020975586
0.0019737172
0.0018500275
0.0017280825
0.0016097023
0.0014967464
0.0013908321
0.0012931086
0.0012041250
0.0011238124
0.0010515711
0.0009864407
0.0009273117
0.0008731385
0.0008231122
0.0007767585
0.0007339434
0.0006948168
0.0006598228
0.0006287966
0.0006015480
0.0005775851
0.0005561601
0.0005363754
0.0005173128
0.0004981523
0.0004782573
0.0004572180
0.0004348528
0.0004111791
0.0003863626
0.0003606558
0.0003343345
0.0003076409
0.0002807815
0.0002539094
0.0002271737
0.0002007892
0.0001750762
0.0001504644
0.0001274539
0.0001065435
0.0000881430
0.0000724964
0.0000596356
0.0000493773
0.0000413624
0.0000351274
0.0000301872
0.0000261414
0.0000226145
0.0000194186
0.0000164764
0.0000137757
0.0000113351
0.0000091763
0.0000073090
0.0000057263
0.0000044080
0.0000033265
0.0000024529
0.0000017602
0.0000012236
0.0000008203
0.0000005293
0.0000003310
0.0000001986
0.0000001140
0.0000000625
0.0000000327
