0.0894158496
0.1627124840
0.2360091184
0.3093057528
0.3826023873
0.4558990217
0.5291956561
0.6024922905
0.6757889249
0.7490855593
0.8223821937
0.8956788281
0.9689754626
1.0422720970
1.1155687314
1.1888653658
1.2621620002
1.3354586346
1.4087552690
1.4820519035
1.5553485379
1.6286451723
1.7019418067
1.7752384411
1.8485350755
1.9218317099
1.9951283443
2.0684249788
2.1417216132
2.2150182476
2.2883148820
2.3616115164
2.4349081508
2.5082047852
2.5815014196
2.6547980541
2.7280946885
2.8013913229
2.8746879573
2.9479845917
3.0212812261
3.0945778605
3.1678744950
3.2411711294
3.3144677638
3.3877643982
3.4610610326
3.5343576670
3.6076543014
3.6809509358
3.7542475703
3.8275442047
3.9008408391
3.9741374735
4.0474341079
4.1207307423
4.1940273767
4.2673240112
4.3406206456
4.4139172800
4.4872139144
4.5605105488
4.6338071832
4.7071038176
4.7804004520
4.8536970865
4.9269937209
5.0002903553
5.0735869897
5.1468836241
5.2201802585
5.2934768929
5.3667735273
5.4400701618
5.5133667962
5.5866634306
5.6599600650
5.7332566994
5.8065533338
5.8798499682
5.9531466027
6.0264432371
6.0997398715
6.1730365059
6.2463331403
6.3196297747
6.3929264091
6.4662230435
6.5395196780
6.6128163124
6.6861129468
6.7594095812
6.8327062156
6.9060028500
6.9792994844
7.0525961188
7.1258927533
7.1991893877
7.2724860221
7.3457826565
7.4190792909
7.4923759253
7.5656725597
7.6389691942
7.7122658286
7.7855624630
7.8588590974
7.9321557318
8.0054523662
8.0787490006
8.1520456350
8.2253422695
8.2986389039
8.3719355383
8.4452321727
8.5185288071
8.5918254415
8.6651220759
8.7384187104
8.8117153448
8.8850119792
8.9583086136
9.0316052480
9.1049018824
9.1781985168
9.2514951512
9.3247917857
9.3980884201
9.4713850545
9.5446816889
9.6179783233
9.6912749577
9.7645715921
9.8378682265
9.9111648610
9.9844614954
10.0577581298
10.1310547642
10.2043513986
10.2776480330
10.3509446674
10.4242413019
10.4975379363
10.5708345707
10.6441312051
10.7174278395
10.7907244739
10.8640211083
10.9373177427
11.0106143772
11.0839110116
11.1572076460
11.2305042804
11.3038009148
11.3770975492
11.4503941836
11.5236908180
11.5969874525
11.6702840869
11.7435807213
11.8168773557
11.8901739901
11.9634706245
12.0367672589
12.1100638934
12.1833605278
12.2566571622
12.3299537966
12.4032504310
12.4765470654
12.5498436998
12.6231403342
12.6964369687
12.7697336031
12.8430302375
12.9163268719
12.9896235063
13.0629201407
13.1362167751
13.2095134096
13.2828100440
13.3561066784
13.4294033128
13.5026999472
13.5759965816
13.6492932160
13.7225898504
13.7958864849
13.8691831193
13.9424797537
14.0157763881
14.0890730225
14.1623696569
14.2356662913
14.3089629257
14.3822595602
14.4555561946
14.5288528290
14.6021494634
14.6754460978
14.7487427322
14.8220393666
14.8953360011
14.9686326355
15.0419292699
15.1152259043
15.1885225387
15.2618191731
15.3351158075
15.4084124419
15.4817090764
15.5550057108
15.6283023452
15.7015989796
15.7748956140
15.8481922484
15.9214888828
15.9947855172
16.0680821517
16.1413787861
16.2146754205
16.2879720549
16.3612686893
16.4345653237
16.5078619581
16.5811585926
16.6544552270
16.7277518614
16.8010484958
16.8743451302
16.9476417646
17.0209383990
17.0942350334
17.1675316679
17.2408283023
17.3141249367
17.3874215711
17.4607182055
17.5340148399
17.6073114743
17.6806081088
17.7539047432
17.8272013776
17.9004980120
17.9737946464
18.0470912808
18.1203879152
18.1936845496
18.2669811841
18.3402778185
18.4135744529
18.4868710873
18.5601677217
18.6334643561
18.7067609905
18.7800576249
18.8533542594
18.9266508938
18.9999475282
19.0732441626
19.1465407970
19.2198374314
19.2931340658
19.3664307003
19.4397273347
19.5130239691
19.5863206035
19.6596172379
19.7329138723
19.8062105067
19.8795071411
19.9528037756
20.0261004100
20.0993970444
20.1726936788
20.2459903132
20.3192869476
20.3925835820
20.4658802164
20.5391768509
20.6124734853
20.6857701197
20.7590667541
20.8323633885
20.9056600229
20.9789566573
21.0522532918
21.1255499262
21.1988465606
21.2721431950
21.3454398294
21.4187364638
21.4920330982
21.5653297326
21.6386263671
21.7119230015
21.7852196359
21.8585162703
21.9318129047
22.0051095391
22.0784061735
22.1517028080
22.2249994424
22.2982960768
22.3715927112
22.4448893456
22.5181859800
22.5914826144
22.6647792488
22.7380758833
22.8113725177
22.8846691521
22.9579657865
23.0312624209
23.1045590553
23.1778556897
23.2511523241
23.3244489586
23.3977455930
23.4710422274
23.5443388618
23.6176354962
23.6909321306
23.7642287650
23.8375253995
23.9108220339
23.9841186683
24.0574153027
24.1307119371
24.2040085715
24.2773052059
24.3506018403
24.4238984748
24.4971951092
24.5704917436
24.6437883780
24.7170850124
24.7903816468
24.8636782812
24.9369749156
25.0102715501
25.0835681845
25.1568648189
25.2301614533
25.3034580877
25.3767547221
25.4500513565
25.5233479910
25.5966446254
25.6699412598
25.7432378942
25.8165345286
25.8898311630
25.9631277974
26.0364244318
26.1097210663
26.1830177007
26.2563143351
26.3296109695
26.4029076039
26.4762042383
26.5495008727
26.6227975072
26.6960941416
26.7693907760
26.8426874104
26.9159840448
26.9892806792
27.0625773136
27.1358739480
27.2091705825
27.2824672169
27.3557638513
27.4290604857
27.5023571201
27.5756537545
27.6489503889
27.7222470233
27.7955436578
27.8688402922
27.9421369266
28.0154335610
28.0887301954
28.1620268298
28.2353234642
28.3086200987
28.3819167331
28.4552133675
28.5285100019
28.6018066363
28.6751032707
28.7483999051
28.8216965395
28.8949931740
28.9682898084
29.0415864428
29.1148830772
29.1881797116
29.2614763460
29.3347729804
29.4080696148
29.4813662493
29.5546628837
29.6279595181
29.7012561525
29.7745527869
29.8478494213
29.9211460557
29.9944426902
30.0677393246
30.1410359590
30.2143325934
30.2876292278
30.3609258622
30.4342224966
30.5075191310
30.5808157655
30.6541123999
30.7274090343
30.8007056687
30.8740023031
30.9472989375
31.0205955719
31.0938922064
31.1671888408
31.2404854752
31.3137821096
31.3870787440
31.4603753784
31.5336720128
31.6069686472
31.6802652817
31.7535619161
31.8268585505
31.9001551849
31.9734518193
32.0467484537
32.1200450881
32.1933417225
32.2666383570
32.3399349914
32.4132316258
32.4865282602
32.5598248946
32.6331215290
32.7064181634
32.7797147979
32.8530114323
32.9263080667
32.9996047011
33.0729013355
33.1461979699
33.2194946043
33.2927912387
33.3660878732
33.4393845076
33.5126811420
33.5859777764
33.6592744108
33.7325710452
33.8058676796
33.8791643140
33.9524609485
34.0257575829
34.0990542173
34.1723508517
34.2456474861
34.3189441205
34.3922407549
34.4655373894
34.5388340238
34.6121306582
34.6854272926
34.7587239270
34.8320205614
34.9053171958
34.9786138302
35.0519104647
35.1252070991
35.1985037335
35.2718003679
35.3450970023
35.4183936367
35.4916902711
35.5649869055
35.6382835400
35.7115801744
35.7848768088
35.8581734432
35.9314700776
36.0047667120
36.0780633464
36.1513599809
36.2246566153
36.2979532497
36.3712498841
36.4445465185
36.5178431529
36.5911397873
36.6644364217
36.7377330562
36.8110296906
36.8843263250
36.9576229594
37.0309195938
37.1042162282
37.1775128626
37.2508094971
37.3241061315
37.3974027659
37.4706994003
37.5439960347
