0.0000000153
0.0000001526
0.0000011684
0.0000070284
0.0000338827
0.0001334996
0.0004384146
0.0012224324
0.0029408987
0.0061858178
0.0115002593
0.0190796001
0.0285207541
0.0388272369
0.0487067683
0.0569952851
0.0629788814
0.0664313316
0.0674259331
0.0663635401
0.0637378717
0.0600731363
0.0558351470
0.0514159071
0.0471068453
0.0430558216
0.0393045196
0.0358590202
0.0327200687
0.0298842913
0.0273299913
0.0250099204
0.0228626986
0.0208383545
0.0189280116
0.0171671431
0.0156079033
0.0142930947
0.0132451618
0.0124602780
0.0119050688
0.0115230769
0.0112508964
0.0110347691
0.0108372455
0.0106335700
0.0104080705
0.0101530534
0.0098671389
0.0095562418
0.0092344119
0.0089220360
0.0086441203
0.0084235418
0.0082741669
0.0082052366
0.0082262481
0.0083414769
0.0085495345
0.0088535578
0.0092701554
0.0098239758
0.0105338530
0.0114153176
0.0124910507
0.0137810794
0.0152643467
0.0168470070
0.0183706190
0.0196392703
0.0204889689
0.0208916676
0.0210346943
0.0212628926
0.0219065846
0.0231666571
0.0251124841
0.0277059759
0.0308229212
0.0342981453
0.0379756145
0.0417143970
0.0453462892
0.0486551149
0.0514177273
0.0534657723
0.0547243854
0.0552213775
0.0550731011
0.0544527457
0.0535481047
0.0525377381
0.0516037292
0.0509326643
0.0506678338
0.0508644160
0.0514919085
0.0524577318
0.0536293169
0.0548595338
0.0560213542
0.0570559562
0.0579949004
0.0589240457
0.0599372966
0.0610998699
0.0624130288
0.0638104211
0.0651695233
0.0663575880
0.0673185457
0.0680710654
0.0686232818
0.0689482862
0.0690220704
0.0688666486
0.0685764351
0.0682762221
0.0680524476
0.0679202138
0.0678367263
0.0677583414
0.0676797054
0.0676327634
0.0676838808
0.0679256337
0.0684566195
0.0693430675
0.0705783601
0.0720975532
0.0738578369
0.0758904711
0.0782651183
0.0810476546
0.0843057403
0.0880863880
0.0923532564
0.0969846621
0.1018395589
0.1067884403
0.1116758527
0.1162813361
0.1203376626
0.1235963125
0.1258902596
0.1271740401
0.1275267950
0.1270752459
0.1259129152
0.1241275952
0.1218514707
0.1192516425
0.1164933400
0.1136859741
0.1108687858
0.1080691395
0.1053408876
0.1027526330
0.1003701770
0.0982768972
0.0966311194
0.0956388793
0.0953778810
0.0958405349
0.0970313820
0.0989753213
0.1016587128
0.1049768642
0.1087240259
0.1126101939
0.1162500688
0.1191894069
0.1210093315
0.1214087757
0.1202695722
0.1177195128
0.1141130706
0.1099447143
0.1057591646
0.1020273905
0.0990267335
0.0968193961
0.0952923471
0.0942160261
0.0933443226
0.0925081227
0.0916222379
0.0906280722
0.0894630209
0.0880804750
0.0864596771
0.0845856302
0.0824495829
0.0800773472
0.0775259079
0.0748388179
0.0720460785
0.0691967212
0.0663273159
0.0634432000
0.0605766151
0.0577989700
0.0551674662
0.0527007426
0.0503987698
0.0482688133
0.0463276286
0.0445821484
0.0430119148
0.0415806180
0.0402586683
0.0390266302
0.0378654492
0.0367586463
0.0356988181
0.0346931769
0.0337588717
0.0329088697
0.0321399000
0.0314363947
0.0307725389
0.0301116130
0.0294132277
0.0286400881
0.0277681177
0.0267920509
0.0257190877
0.0245715961
0.0234001717
0.0222710085
0.0212324770
0.0203015472
0.0194730064
0.0187321869
0.0180671187
0.0174746339
0.0169545138
0.0164998625
0.0160939065
0.0157166863
0.0153554999
0.0150076808
0.0146764495
0.0143692729
0.0140979531
0.0138652303
0.0136464587
0.0134074964
0.0131358531
0.0128382929
0.0125281674
0.0122197554
0.0119251382
0.0116483705
0.0113864040
0.0111379602
0.0109100245
0.0107169324
0.0105579053
0.0104110172
0.0102614701
0.0101204638
0.0100047736
0.0099120931
0.0098281968
0.0097443340
0.0096566133
0.0095568650
0.0094350427
0.0092920310
0.0091417332
0.0089930055
0.0088389449
0.0086684277
0.0084772383
0.0082694631
0.0080547637
0.0078396099
0.0076193533
0.0073864367
0.0071445068
0.0069040819
0.0066685113
0.0064342875
0.0061996695
0.0059654622
0.0057317578
0.0054975721
0.0052615331
0.0050228161
0.0047828968
0.0045463596
0.0043159320
0.0040870997
0.0038550213
0.0036225649
0.0033953815
0.0031777386
0.0029750978
0.0027926950
0.0026317236
0.0024890701
0.0023596571
0.0022385296
0.0021219846
0.0020075974
0.0018954560
0.0017895601
0.0016943327
0.0016089442
0.0015305117
0.0014597617
0.0013971711
0.0013400540
0.0012847169
0.0012273175
0.0011669980
0.0011079519
0.0010544489
0.0010065982
0.0009618962
0.0009189570
0.0008792030
0.0008441351
0.0008126017
0.0007825882
0.0007542528
0.0007294609
0.0007091098
0.0006926421
0.0006797477
0.0006704731
0.0006637885
0.0006575693
0.0006494379
0.0006372178
0.0006197334
0.0005969838
0.0005694107
0.0005377869
0.0005039142
0.0004707339
0.0004411831
0.0004168859
0.0003981375
0.0003847595
0.0003754444
0.0003674263
0.0003590874
0.0003519972
0.0003487694
0.0003494089
0.0003517332
0.0003538021
0.0003544178
0.0003542817
0.0003555093
0.0003570441
0.0003553960
0.0003502813
0.0003449116
0.0003424102
0.0003435853
0.0003468810
0.0003498743
0.0003505514
0.0003483025
0.0003445419
0.0003415691
0.0003401819
0.0003390146
0.0003367213
0.0003336288
0.0003305320
0.0003270240
0.0003219732
0.0003151096
0.0003073667
0.0003000699
0.0002939776
0.0002884135
0.0002816996
0.0002730454
0.0002632161
0.0002531968
0.0002432956
0.0002335359
0.0002241453
0.0002157200
0.0002087812
0.0002028475
0.0001963851
0.0001881741
0.0001785343
0.0001688450
0.0001601030
0.0001523492
0.0001450126
0.0001370027
0.0001277477
0.0001184402
0.0001106779
0.0001045756
0.0000993545
0.0000942218
0.0000885464
0.0000826252
0.0000771535
0.0000719260
0.0000663454
0.0000605467
0.0000551230
0.0000506588
0.0000476334
0.0000456745
0.0000434542
0.0000401684
0.0000364431
0.0000332508
0.0000307400
0.0000285798
0.0000265768
0.0000245543
0.0000224115
0.0000204910
0.0000191702
0.0000181646
0.0000168956
0.0000152731
0.0000136323
0.0000122390
0.0000111068
0.0000101904
0.0000096140
0.0000094153
0.0000091874
0.0000084281
0.0000072177
0.0000061331
0.0000055069
0.0000052039
0.0000049034
0.0000044782
0.0000041048
0.0000038541
0.0000036585
0.0000035219
0.0000033731
0.0000031576
0.0000029243
0.0000027003
0.0000024813
0.0000022555
0.0000020687
0.0000020062
0.0000020429
0.0000020469
0.0000019723
0.0000018569
0.0000017070
0.0000015258
0.0000013370
0.0000011666
0.0000010261
0.0000008922
0.0000007440
0.0000006060
0.0000005026
0.0000004508
0.0000004910
0.0000006104
0.0000006911
0.0000006315
0.0000004624
0.0000002929
0.0000001919
0.0000001587
0.0000001633
0.0000001719
0.0000001605
0.0000001331
0.0000001021
0.0000000751
0.0000000713
0.0000000990
0.0000001283
0.0000001224
0.0000000828
0.0000000421
0.0000000272
0.0000000418
0.0000000671
0.0000000726
0.0000000493
0.0000000228
0.0000000181
0.0000000376
0.0000000652
0.0000000725
0.0000000511
0.0000000231
0.0000000068
0.0000000016
0.0000000027
0.0000000116
0.0000000331
0.0000000603
0.0000000711
0.0000000548
0.0000000278
0.0000000092
0.0000000020
