3.5125
4.45
5.0
3.775
4.2375
4.1875
5.1875
4.45
4.3375
2.9625
4.825
5.1625000000000005
6.05
4.6625000000000005
4.35
6.175
4.55
4.65
4.4624999999999995
4.3875
4.0625
3.8625
4.949999999999999
4.4625
2.7875
2.175
4.8
5.4375
4.2375
4.3375
3.8375000000000004
5.675
4.699999999999999
4.65
5.225
5.3375
3.85
5.475
4.625
4.0625
5.262499999999999
5.4
6.0375
6.699999999999999
6.6
5.0125
5.2124999999999995
4.5625
3.5875000000000004
4.0125
5.737500000000001
3.45
2.9875000000000003
3.7874999999999996
3.125
4.925
3.2
2.5125
4.0
4.375
4.25
3.4375
6.137500000000001
5.05
5.050000000000001
4.75
4.175
4.6375
4.65
3.8
5.525
4.6375
3.55
4.4625
7.1875
6.049999999999999
4.2875
6.05
6.699999999999999
5.625
5.725
3.025
3.9375
4.0375
4.5625
4.05
4.3625
5.237500000000001
4.775
7.725
5.875
5.7749999999999995
6.025
6.1000000000000005
3.7250000000000005
3.825
4.725
4.4375
4.5125
4.075
5.1
4.775
5.2250000000000005
4.3
5.2375
5.300000000000001
6.637499999999999
5.7250000000000005
5.9750000000000005
5.8125
5.3625
5.25
8.1375
5.862500000000001
6.050000000000001
6.125
5.1
4.5125
4.625
5.0125
3.425
3.8625000000000003
4.800000000000001
5.2375
5.687500000000001
5.925000000000001
5.5375
5.1499999999999995
3.9749999999999996
4.775
5.2625
6.2125
5.5125
5.4
4.575
6.8125
4.9125
5.0375000000000005
3.7125000000000004
4.1375
3.0625
4.6
6.4125
6.775
6.825
4.5875
3.2125
5.124999999999999
5.6125
4.875
5.4875
4.0875
3.725
3.8375
4.3
7.0125
4.55
4.699999999999999
3.2500000000000004
4.925000000000001
3.8
3.6625
2.125
2.9749999999999996
4.8125
4.3625
3.3
4.8374999999999995
7.8125
6.125
4.2375
4.6
6.6875
6.3125
4.25
4.2875
2.8375
4.6000000000000005
5.9375
6.7749999999999995
6.9
5.625000000000001
6.750000000000001
5.7124999999999995
5.9
4.875
4.675
5.65
5.9
4.7125
4.95
3.5000000000000004
5.875
6.4125
5.199999999999999
5.5625
5.25
6.725
6.625000000000001
5.2250000000000005
2.9374999999999996
3.1875000000000004
6.4750000000000005
6.55
6.0875
5.8500000000000005
5.437500000000001
4.987500000000001
4.0375
6.8500000000000005
5.975
5.6625
4.75
2.475
3.5749999999999997
6.0125
5.7875
4.1000000000000005
2.6125000000000003
4.637499999999999
2.075
2.025
2.8
4.3125
4.425
3.2375
4.9375
5.800000000000001
3.6875000000000004
5.799999999999999
4.875
5.3875
6.225
4.112500000000001
6.6875
6.187500000000001
6.4375
5.887499999999999
6.675
5.3
5.0
3.675
3.6625
5.7250000000000005
5.525
5.9375
4.2375
3.15
3.5125
4.4625
3.5125
5.6625
7.2125
6.55
5.762499999999999
4.4375
4.5625
4.025
4.35
3.1125
3.7
4.025
4.75
4.675
4.15
3.7875
4.875
3.675
1.375
1.5
2.0500000000000003
3.1125
3.025
4.1
4.05
3.8125
3.7625
3.8375
2.7625
5.0375
3.3000000000000003
3.8749999999999996
3.475
4.7625
5.7375
5.675000000000001
4.925
4.4375
3.3
3.95
4.6125
4.1625
2.4375
2.8125
5.125
5.7875
3.775
3.6500000000000004
3.1375
4.3
4.0
3.7875
5.2749999999999995
3.2375
3.675
4.25
3.1125
5.625
5.2625
3.0
6.675
3.8000000000000003
3.9749999999999996
4.025
3.9374999999999996
5.1875
4.8375
5.45
7.6625000000000005
6.262499999999999
4.949999999999999
4.9625
4.725
4.775
6.175000000000001
7.525
6.5375000000000005
5.2625
2.7
4.8125
4.7124999999999995
6.175000000000001
5.425000000000001
2.1375
3.9375000000000004
5.0
3.8375
3.9124999999999996
3.8625000000000003
4.125
5.65
5.275
4.5375
5.05
6.375
6.487499999999999
3.9125
6.737500000000001
4.4625
4.7875
1.7
3.15
3.8750000000000004
3.6000000000000005
4.6875
2.9749999999999996
3.025
3.2625
4.362500000000001
5.325
3.1375
4.2375
4.025
4.6625000000000005
5.75
4.425000000000001
4.9125
5.6125
5.2875
3.9250000000000003
4.4
7.45
5.825000000000001
6.425000000000001
6.025
8.9375
4.55
5.0625
5.1875
5.325
3.075
4.5375
5.4375
6.0625
5.1625
7.675000000000001
6.75
6.987500000000001
7.0875
4.9625
3.475
6.937499999999999
6.1499999999999995
7.1625
6.8125
6.749999999999999
6.0625
6.375
5.1499999999999995
6.3125
4.35
5.550000000000001
4.175000000000001
4.050000000000001
5.1625
5.7125
3.6625
4.9375
3.0124999999999997
5.6625000000000005
6.125
3.9124999999999996
3.7625
3.5
4.3625
6.1375
7.125
8.537500000000001
6.5625
3.8625
5.4625
4.225
6.7
5.45
4.7625
4.1
4.575
4.475
4.3125
4.825
6.875
3.8375
6.449999999999999
6.862500000000001
6.1625
6.175000000000001
3.4
5.3625
4.3125
5.6875
5.0375
6.362500000000001
5.7875
4.1
3.2
3.125
4.375
4.4625
3.7750000000000004
2.7624999999999997
2.3499999999999996
3.0250000000000004
2.525
1.7875
2.7875
4.237500000000001
3.3875
6.6375
5.8125
5.6375
6.449999999999999
5.737500000000001
2.6624999999999996
3.7
3.1875
6.324999999999999
5.35
3.1374999999999997
4.987499999999999
5.5375000000000005
6.737500000000001
5.575
5.125
4.0125
4.05
6.4875
7.7125
6.9375
5.2250000000000005
3.0
5.2625
5.574999999999999
4.5875
5.8625
8.5875
6.125
6.5625
4.6875
5.0874999999999995
4.612500000000001
4.3500000000000005
4.262499999999999
7.2625
3.6374999999999997
3.475
4.3125
4.9125
2.5999999999999996
3.4499999999999997
4.2625
3.5500000000000003
3.0875
2.3375000000000004
3.5125
3.85
3.3875
5.137499999999999
4.475
4.8625
2.6
3.2625
2.45
3.9250000000000003
3.125
3.075
2.3875
3.7875
3.6500000000000004
3.775
3.1374999999999997
4.75
4.2
4.325
4.675
4.5
5.6625
3.1375
4.9625
4.875
3.8249999999999997
4.0
4.4
4.5375
2.65
4.2875000000000005
3.3375000000000004
3.725
3.65
4.375
4.0375
3.3
2.6624999999999996
1.6624999999999999
3.85
5.725
5.95
6.275
2.5625
5.0875
4.625
3.075
4.65
3.8499999999999996
4.2
2.45
3.9625
5.7125
4.75
4.4375
3.8625
4.4125
6.2875000000000005
6.2375
5.3875
3.9375
6.25
5.4624999999999995
5.824999999999999
5.475
5.237500000000001
6.0625
3.2750000000000004
4.7124999999999995
4.1625
3.3125
6.012499999999999
6.362500000000001
7.075
6.2125
7.512499999999999
4.8374999999999995
4.675
4.825
3.9749999999999996
2.2125
3.9125
4.5875
3.075
5.0625
7.2
4.625
5.4624999999999995
2.675
2.625
4.262499999999999
3.2249999999999996
2.7
4.225
5.9625
5.475
6.2125
4.675
6.875
6.625
4.9625
3.8875
4.7
5.0375
4.3875
5.112500000000001
3.75
4.975
3.8875
3.0625
5.4
4.55
2.1125
2.975
3.9375
5.862500000000001
4.0
5.3625
5.525
4.8625
3.0374999999999996
5.4375
5.2875
6.949999999999999
6.9375
3.7624999999999997
3.7625
2.4625
2.2625
3.2125000000000004
3.6375
5.475
5.175
7.1625000000000005
8.0625
8.2875
4.975
6.7125
5.7875
5.762499999999999
4.95
4.2625
4.55
4.05
3.3875
3.0625
3.7125
3.7
5.7625
4.575
3.2125000000000004
5.1375
5.3125
6.2875
6.05
5.75
5.075
6.5125
6.199999999999999
6.7125
7.125
6.799999999999999
5.2375
3.8
4.175
4.125
4.7875
5.2
5.15
4.5
6.512499999999999
5.975
6.512500000000001
5.1875
4.4375
4.575
3.325
2.7874999999999996
4.0125
3.7875
3.6624999999999996
3.9124999999999996
6.6499999999999995
5.5125
4.15
4.95
3.7500000000000004
4.1125
4.0125
5.4
8.1125
4.9750000000000005
6.825000000000001
5.3375
4.425000000000001
6.3625
4.1625
2.4000000000000004
2.95
5.75
8.350000000000001
6.4375
7.1125
5.225
3.8875
3.5250000000000004
4.2749999999999995
3.8125
5.775
4.574999999999999
4.7625
4.2250000000000005
4.475
5.1375
6.65
5.1125
5.2250000000000005
3.4125
4.45
4.9125
2.9499999999999997
5.0375000000000005
5.8625
5.725
4.6375
4.487500000000001
4.987500000000001
5.949999999999999
8.0
5.2875000000000005
5.775
3.3499999999999996
6.1499999999999995
7.975
10.0125
9.8375
7.6375
7.5874999999999995
6.112500000000001
7.9125
9.55
10.0125
5.6
4.225
5.7625
9.2125
6.4624999999999995
7.575000000000001
7.6
6.824999999999999
5.5874999999999995
4.275
6.1
7.2749999999999995
5.975
4.15
5.2625
6.487500000000001
6.7124999999999995
6.85
5.5625
4.65
4.6125
4.3625
3.7625
4.45
5.1000000000000005
5.4125
4.3
5.8125
5.6
5.425000000000001
5.8625
7.9624999999999995
7.075000000000001
4.775
4.7625
3.9
3.8
4.762499999999999
4.975
5.975
6.925
7.125
4.1375
5.525
4.9
5.55
6.7
5.2375
4.8875
5.4375
5.4
3.7375
4.9
2.875
3.8999999999999995
4.175
4.725
4.85
5.025
5.675000000000001
5.050000000000001
4.175000000000001
3.8875
3.6125
3.4375
3.925
4.725
4.8
3.9375
3.7874999999999996
3.3875
5.137499999999999
3.775
4.6625
6.0875
6.3875
5.875
5.35
6.949999999999999
5.2875
6.5625
5.4125000000000005
4.725
6.2875
7.625
8.0125
6.887499999999999
3.825
3.6875
4.125
5.887499999999999
4.4625
5.3
5.0
6.137499999999999
4.0375
3.2750000000000004
3.2125
5.35
6.475
4.7875
3.625
5.0375
4.725
3.475
4.2875
5.112500000000001
3.8000000000000003
2.975
3.25
3.8499999999999996
3.8375000000000004
5.15
4.1625000000000005
4.5375
3.3875
3.7375
4.8625
3.8375000000000004
5.7749999999999995
4.825
5.0375000000000005
2.5250000000000004
3.55
4.7625
5.4375
5.9
3.9875
4.262499999999999
5.237500000000001
4.9750000000000005
3.8999999999999995
4.375
5.1125
3.6625
5.6499999999999995
4.2875
3.5875000000000004
3.525
5.25
4.575
4.5375
2.5125
4.6375
6.9125
5.2125
4.1125
3.275
2.3875
3.8499999999999996
5.824999999999999
5.3125
3.3375000000000004
2.2625
2.625
4.925000000000001
5.925000000000001
4.1875
4.8875
7.0249999999999995
8.3
6.7749999999999995
4.7125
7.375
7.475
7.3125
5.0125
5.65
7.199999999999999
6.750000000000001
5.725
4.975
5.025
3.9624999999999995
5.699999999999999
8.3625
5.699999999999999
4.487500000000001
6.1875
5.2375
6.95
6.8500000000000005
6.199999999999999
3.7875
7.362499999999999
9.2375
7.562499999999999
6.175
4.8625
3.55
5.275
9.15
7.85
7.025
5.487500000000001
4.925
4.725
4.475
5.3625
7.725
7.612500000000001
7.9375
7.6125
7.137499999999999
5.8125
7.3375
6.6125
6.425000000000001
4.7125
4.2375
4.0875
4.1125
5.425
4.1875
5.5
4.325
5.45
5.5625
5.387499999999999
4.5
3.4000000000000004
4.35
4.1375
4.7625
4.5625
4.8375
6.4125000000000005
5.362500000000001
5.2250000000000005
5.2875
6.012499999999999
4.987500000000001
5.25
3.4875
4.4625
2.55
3.6375
4.125
4.8875
7.1875
6.8500000000000005
6.6875
7.225
5.862500000000001
5.8125
7.8374999999999995
6.25
6.4125
5.875
5.6125
5.95
6.0375000000000005
4.7125
5.9625
5.4
4.675
6.1625
5.025
6.175000000000001
5.7625
6.7625
6.2625
4.5125
6.9875
7.2625
5.9625
5.8374999999999995
4.025
5.6875
6.7125
5.75
6.5
6.7375
6.512500000000001
7.15
7.2
7.2124999999999995
7.025
6.074999999999999
6.7625
5.949999999999999
6.237499999999999
5.324999999999999
5.687499999999999
5.375
5.549999999999999
4.6000000000000005
4.7
3.7249999999999996
4.1
3.6375
4.6125
4.8625
3.3625
4.5125
5.2749999999999995
4.6875
4.9875
3.9125
4.875
6.8375
4.325
5.737500000000001
5.2250000000000005
4.75
5.65
3.95
4.4875
6.7749999999999995
5.25
5.5875
4.25
5.824999999999999
6.875
5.4625
6.237500000000001
3.325
5.225
2.1500000000000004
4.425000000000001
6.449999999999999
8.0125
4.75
5.175
5.8125
5.75
3.3750000000000004
4.175000000000001
4.6
5.3125
4.325
6.7749999999999995
4.1375
5.6875
6.1499999999999995
6.625
5.9625
5.3
5.6
4.5375
5.324999999999999
5.6875
6.050000000000001
6.075
6.262499999999999
5.4625
6.6125
5.9
7.15
5.775
5.4375
4.075
4.9750000000000005
5.1000000000000005
6.15
7.450000000000001
6.6875
5.55
4.7125
3.9625000000000004
5.7625
4.6875
3.9000000000000004
5.775
4.6625
4.675
4.925
6.125
4.6125
5.1875
5.6125
4.875
5.925
5.975
5.8500000000000005
6.25
5.550000000000001
4.1625
5.7875
4.4624999999999995
2.0625
3.575
4.1
4.7625
2.5375
4.675000000000001
5.550000000000001
6.375
7.425
6.937499999999999
4.35
4.275
2.4125
5.35
5.1875
4.35
4.6125
5.5625
5.8625
5.2625
5.25
6.2375
4.15
5.074999999999999
5.012499999999999
5.9875
5.6
5.1875
6.225
5.875
6.5375
5.8375
6.0375
6.1
5.35
5.175
5.7625
5.2125
4.975
5.775
5.4375
5.4
4.875
5.375
5.4125000000000005
6.6
6.725
7.4375
6.25
5.75
5.975
5.125
4.325
4.800000000000001
5.125
3.6624999999999996
4.8125
5.5875
5.862500000000001
5.25
6.125
6.7375
5.9375
5.875
6.0625
6.925000000000001
4.825
3.25
4.9750000000000005
4.3125
4.25
4.0375
5.0625
6.475
6.5625
4.8375
5.924999999999999
6.674999999999999
4.5
4.725
4.9125000000000005
5.237499999999999
8.7
6.9624999999999995
4.675
3.7625
4.2625
4.675
6.8625
5.1000000000000005
3.6500000000000004
4.6
5.387499999999999
4.3375
3.875
3.9000000000000004
3.425
3.6374999999999997
2.9375
4.3125
4.225
2.9875
3.3125
1.7874999999999999
4.7
4.5
3.5124999999999997
4.0125
3.125
1.9875
2.2875
1.8625
1.9874999999999998
1.6375
2.475
4.2250000000000005
4.9625
5.925
6.15
4.987500000000001
4.1499999999999995
4.55
4.5874999999999995
6.875
5.975
6.025
3.2375
3.1000000000000005
3.875
4.7875000000000005
3.3249999999999997
4.6625000000000005
5.2
4.0875
2.85
2.7249999999999996
2.4625000000000004
1.8
2.6500000000000004
3.975
4.275
6.074999999999999
3.6125
4.9
5.074999999999999
4.225
4.0
3.7125
4.775
4.7875
5.1125
3.775
4.2875
2.2
2.0125
1.2000000000000002
2.4875
3.3625000000000003
3.4625000000000004
3.3
2.8874999999999997
2.3875
3.8125
3.0250000000000004
3.9625
3.7
3.2
3.5249999999999995
3.2125
3.95
3.5875000000000004
4.5875
4.3375
5.875
2.6375
4.1375
3.9375
5.9375
2.9749999999999996
2.5375
3.3125
3.725
3.0374999999999996
5.5125
4.975
5.025
5.7625
4.6
3.925
4.0375
4.6125
3.0125
5.6625000000000005
3.45
2.3874999999999997
2.25
3.0
2.6125
3.9125
2.25
2.7375
3.1125
4.9
4.5625
6.1
3.9375
3.95
3.75
3.0625
3.125
2.45
3.1875
3.0999999999999996
2.1624999999999996
3.1500000000000004
3.7750000000000004
3.1375
3.6875
3.175
3.6375
4.025
2.9124999999999996
3.8375000000000004
4.4375
5.2124999999999995
5.2625
4.4625
3.7625
6.337500000000001
5.975
7.200000000000001
6.362499999999999
7.9625
5.6125
5.025
4.324999999999999
5.45
6.7375
4.175
5.0625
6.525
5.6
5.987500000000001
6.012499999999999
5.55
5.7875000000000005
6.9625
6.15
6.062500000000001
6.0375
6.6625000000000005
7.3
6.775
5.1
5.2625
5.7875
5.9
5.525
7.8999999999999995
8.4625
9.262500000000001
5.6499999999999995
4.4
2.8
5.2125
6.1
7.3125
3.4375
8.1625
5.7375
5.375
7.3
5.4
6.0
6.1
6.4750000000000005
5.8
7.324999999999999
5.775
5.9375
5.625
3.4125
4.075
4.4875
3.5250000000000004
5.025
4.7875
3.975
4.5375
3.675
6.225
3.6
3.2249999999999996
5.5125
4.9125000000000005
7.4125
8.6875
3.0500000000000003
6.9
7.9624999999999995
8.6875
10.375
8.2125
9.9375
8.225000000000001
7.3374999999999995
8.049999999999999
4.2875
4.85
5.2375
3.9875
4.425
5.775
5.3875
4.949999999999999
5.15
4.8625
2.9749999999999996
6.0
5.6625
3.9875
7.025
7.15
6.9875
6.8625
6.0375
6.6625
5.175000000000001
4.5875
5.225
4.0125
5.625
6.637499999999999
6.425000000000001
5.0249999999999995
6.0
4.3125
2.975
3.3874999999999997
3.525
2.55
2.4
1.8125
1.95
1.7625
1.6625
2.2125
1.5875
2.825
2.6375
2.1375
2.175
3.0125
3.0500000000000003
2.2125
1.7375
2.2
2.825
5.425
6.375
5.3875
6.8
6.075
5.2625
3.75
3.025
5.075
5.425
3.35
5.1875
5.15
6.0125
7.45
4.8
3.35
4.425
5.987500000000001
6.3
4.8
4.5375
3.525
3.7375
6.15
4.0125
2.0374999999999996
3.9625000000000004
4.4875
3.725
4.2749999999999995
4.074999999999999
5.800000000000001
5.525
6.4125000000000005
5.95
4.925000000000001
4.4375
3.4375
3.2125000000000004
5.449999999999999
3.5125
3.3
4.262499999999999
4.575
3.925
3.6874999999999996
4.1
5.1625
6.3125
5.725
5.1375
4.5249999999999995
4.375
4.7
5.9625
4.4625
3.9374999999999996
4.95
3.9124999999999996
5.1625
4.9750000000000005
4.0375
5.2375
4.9375
4.8
4.6375
5.175
4.75
5.3625
4.675000000000001
6.25
6.825
7.175
7.6625
6.424999999999999
7.45
6.074999999999999
3.7249999999999996
3.0
4.7125
6.5375
4.325
5.35
5.374999999999999
4.9125
4.0125
3.475
5.2250000000000005
4.1625
1.9625
3.9124999999999996
3.9624999999999995
2.8625
4.1
4.35
4.05
3.6
2.1999999999999997
3.2125
2.625
2.7625
4.2375
5.012499999999999
4.3125
6.012499999999999
5.425
5.137499999999999
4.0249999999999995
7.4375
5.525
5.3625
5.5375
5.675000000000001
4.575
5.925
5.3375
6.025
5.9875
5.85
5.225
2.875
5.2625
5.4625
4.1000000000000005
3.3625
5.3625
5.6625
6.375
6.875
5.825
4.9375
4.1875
7.725
8.5
5.6375
6.6125
5.95
4.225
4.0
3.125
5.05
4.775
4.3875
3.4
7.3500000000000005
7.1125
5.3
4.3625
5.575
6.575
5.6499999999999995
3.3
2.5625
4.875
3.75
3.4750000000000005
3.5749999999999997
5.3375
4.9
6.6125
4.9
5.0
6.4625
5.725
6.825
3.8625000000000003
2.3874999999999997
2.5
4.0375
4.6625000000000005
1.75
3.25
2.3
4.112500000000001
5.0875
4.3999999999999995
4.9750000000000005
4.4625
5.3125
5.800000000000001
6.875
5.175
6.675000000000001
6.449999999999999
4.1125
3.375
4.65
3.7875
5.5
6.1875
6.4875
5.0
7.0874999999999995
6.35
5.725
5.2125
4.6875
4.824999999999999
5.3
4.112500000000001
2.7375
2.325
2.475
3.5625
4.0875
5.8625
3.2125
4.2124999999999995
5.6499999999999995
3.6875
6.775
4.875
1.35
2.65
1.625
3.0875
3.4625000000000004
3.05
2.7
5.125
5.9375
6.2875
3.5500000000000003
2.6875
3.0875
3.7625
3.6750000000000003
1.2000000000000002
1.7750000000000001
2.0625
1.3875
4.2125
3.3375
3.275
3.55
3.5625
3.3
3.5
2.5125
2.875
3.5625
4.35
4.9125
4.0375
4.275
2.6125
3.5875000000000004
3.7874999999999996
3.275
3.7875
2.5
1.5875
2.825
1.5875
2.5875
3.3625
2.5125
2.55
2.4625000000000004
2.8625
3.8625
2.2874999999999996
3.0
3.5374999999999996
4.2875
6.2125
5.7875
6.6125
3.7125000000000004
3.4
4.05
5.5875
7.074999999999999
8.7625
5.9375
6.8875
6.475
6.512500000000001
6.5625
5.6625
2.8
3.675
3.2375
4.362500000000001
2.5125
3.925
4.4125
4.637499999999999
4.125
3.3
4.0
3.35
4.3375
5.2125
4.3
2.575
3.7375
5.8374999999999995
5.775
6.075
4.6375
4.775
3.1750000000000003
2.9125
5.0875
5.25
3.225
3.8874999999999997
3.8875
5.050000000000001
3.5125
6.8625
4.7125
4.325
4.25
5.45
2.3375
2.2625
2.95
4.1000000000000005
5.0375
5.387499999999999
5.324999999999999
3.3125
3.6
1.8375
4.0249999999999995
3.7625
4.4875
5.199999999999999
3.625
4.0
3.9375000000000004
5.1875
4.1625000000000005
5.475
3.575
4.074999999999999
6.075
5.387499999999999
4.8
6.6
5.1875
5.9
3.1875
4.775
5.2125
3.5375
1.3125
3.6500000000000004
3.125
3.775
5.05
5.5875
5.012499999999999
2.775
4.3125
3.7375000000000003
4.65
6.5
5.2
4.675000000000001
6.025
5.1875
4.7125
4.075
5.5125
5.0
6.25
4.2375
3.5125
3.6124999999999994
4.0375000000000005
2.9875
5.0125
4.7125
4.0625
3.425
3.3499999999999996
4.2625
4.8
4.975
4.05
5.1125
3.675
4.65
2.95
4.237500000000001
4.4375
5.025
3.425
4.25
4.4
3.975
5.175
4.1
4.550000000000001
4.3125
4.4
4.7125
3.9625
4.775
3.7249999999999996
4.325
4.35
6.125
5.3375
4.8625
3.225
6.05
3.8499999999999996
5.5125
4.7125
4.0
2.4
3.0
1.1875
2.6125
2.8
3.8625
2.875
2.825
3.0875000000000004
4.0125
5.612500000000001
4.7125
3.8625
5.8375
5.0249999999999995
6.249999999999999
3.8
4.85
5.275
6.025
5.3
5.125
5.1875
3.6500000000000004
4.275
5.8374999999999995
5.250000000000001
2.875
2.4875
2.725
3.825
4.725
4.0
2.1875
3.3874999999999997
2.7625
5.075
3.0999999999999996
3.0125
3.0999999999999996
4.7125
6.225
3.4625
8.3375
8.612499999999999
5.025
3.975
4.5875
4.6
2.875
3.1
3.2
3.6625
6.4375
7.75
8.112499999999999
6.6625
7.550000000000001
4.2375
2.0500000000000003
2.3375000000000004
2.2875
4.2875
5.7
3.8000000000000003
4.4750000000000005
6.9375
5.775
4.4375
4.8999999999999995
5.825
7.687499999999999
9.337499999999999
6.8625
6.3500000000000005
6.875
7.55
4.2375
6.8
5.75
2.05
3.1500000000000004
5.7
5.5375
5.0875
6.174999999999999
5.525
8.787500000000001
4.5375
4.525
3.6625000000000005
5.975
6.825000000000001
4.9875
5.675
4.8375
4.2125
3.8874999999999993
4.2375
4.65
4.4
6.725
3.6875
5.262499999999999
5.75
7.7125
7.3875
4.9750000000000005
3.0499999999999994
8.299999999999999
7.0874999999999995
3.425
5.8625
6.6375
6.05
5.7875
5.725
2.0875
2.6
2.45
3.0375
1.85
2.0
3.9875
1.575
1.2625000000000002
2.2375
2.05
1.4625
2.325
4.1625
5.862500000000001
2.8625
3.0500000000000003
3.175
3.1625
7.324999999999999
4.325
3.0500000000000003
4.85
5.4
3.6374999999999997
3.1999999999999997
2.4499999999999997
4.8
4.9375
6.237500000000001
3.4499999999999997
4.6625
5.4
4.0375
2.575
5.4125
4.112500000000001
4.112500000000001
3.3875
3.8375
3.0375
3.3625
3.3750000000000004
4.075
5.449999999999999
4.2124999999999995
5.0625
4.65
5.65
5.025
4.85
3.6375
5.5375
4.875
8.2125
7.1875
4.2375
4.95
5.1
5.9125
4.825
4.3
4.0249999999999995
3.7749999999999995
3.4375
2.7
3.9125
4.05
4.0875
3.5
3.0624999999999996
6.125
2.8625
2.8625
4.2
6.6375
7.075
6.550000000000001
4.8500000000000005
2.9125
2.875
2.8875
2.45
1.95
1.9125
4.8125
5.675
2.3625
5.0875
6.749999999999999
5.275
5.3375
4.45
6.1625
7.9875
6.6125
5.812500000000001
7.1625000000000005
4.8875
3.1500000000000004
4.4
5.95
5.9
5.9375
6.862500000000001
7.075
6.5
4.8625
6.0375
6.9375
7.3
7.025
4.1125
4.2124999999999995
8.1625
9.825
5.725
4.175
4.2
3.475
5.35
5.3625
4.875
3.7
4.9875
4.65
3.1500000000000004
4.4125
3.575
4.0125
4.3375
3.7125
5.2
5.55
3.075
4.8125
6.062499999999999
5.05
6.675
5.125
6.4
5.6875
4.9
4.5
4.6375
3.7625
2.8
3.6750000000000003
5.737500000000001
4.675000000000001
4.375
3.5374999999999996
4.75
5.225
4.4625
3.0
4.45
5.4125
4.55
3.3875
5.6625
5.35
3.2874999999999996
4.8500000000000005
4.9875
4.2375
2.975
5.7749999999999995
6.200000000000001
6.8125
4.325
4.55
3.775
4.6499999999999995
4.8999999999999995
2.9375
3.3499999999999996
3.375
5.800000000000001
7.5
4.6
5.9375
6.1125
7.5125
6.0875
6.2
7.062500000000001
4.75
3.525
3.0375
6.125
4.3374999999999995
3.275
4.3999999999999995
2.3875
3.0124999999999997
2.4250000000000003
1.1124999999999998
1.05
1.2874999999999999
1.0125
1.9125
1.4625
3.5125
2.0875
2.0749999999999997
4.4125
4.4875
5.25
3.9375
4.6875
4.7124999999999995
3.1
3.2875
2.5374999999999996
1.65
2.625
4.300000000000001
3.7749999999999995
2.875
2.2249999999999996
3.1375
2.625
2.35
3.2125
3.4124999999999996
2.825
5.8375
4.8125
6.2125
3.65
4.0625
3.65
2.0875000000000004
2.475
2.55
3.325
7.775
3.4125
4.625
2.5375
4.1375
3.4624999999999995
2.6249999999999996
2.6
3.125
3.4625
5.8125
2.7375
3.0500000000000003
4.65
3.3375
2.5
1.225
0.8875
2.6624999999999996
2.5374999999999996
1.3250000000000002
3.0125
3.4375
2.3
1.9875
3.7875
1.2
1.75
2.25
4.1375
5.0
4.25
6.0625
4.2625
3.4
5.675
4.9125000000000005
4.9125000000000005
6.4875
6.012500000000001
6.8125
4.425
5.425
5.85
6.1375
3.5749999999999997
4.1375
4.3125
4.612500000000001
3.2125
4.2
3.7
3.275
5.725
4.1625
7.449999999999999
4.95
4.4
6.5
5.262499999999999
5.75
7.387499999999999
5.7375
7.5375000000000005
2.5374999999999996
3.6375
1.6375000000000002
5.112500000000001
2.9125
3.7125
5.15
5.125
4.7
6.2625
6.8875
4.475
6.1875
2.875
2.0250000000000004
3.4875
5.425000000000001
3.325
5.1875
5.7625
1.5375
2.1125000000000003
2.0500000000000003
4.575
4.4625
3.1875
4.1
1.9375
2.0374999999999996
4.475
1.9625
4.4125
5.012499999999999
4.6875
5.2
5.6625
4.275
3.3625
7.9625
6.5375000000000005
4.9875
2.5625
2.3875
3.025
3.9875
4.3875
5.7625
5.2875
5.375
5.3
7.3375
6.575
5.125
5.2124999999999995
4.25
1.675
2.575
3.6500000000000004
2.1999999999999997
7.425000000000001
7.55
7.5375
6.824999999999999
3.575
4.9624999999999995
6.574999999999999
3.6375
2.0375
5.425
3.5625000000000004
3.6250000000000004
2.75
1.2999999999999998
2.825
3.8125
5.7875
3.375
3.0999999999999996
4.7
4.25
3.8125
4.1499999999999995
3.6125
4.762499999999999
3.9124999999999996
3.8125
2.15
2.2
4.925
3.3125
4.0
4.8500000000000005
3.525
3.9875
4.95
3.1125
3.45
3.55
4.2125
6.512499999999999
6.275
4.1125
6.2625
4.1875
3.8499999999999996
5.4125
6.275
7.9375
3.45
4.2375
2.5375
4.2875000000000005
5.5125
3.5874999999999995
3.9374999999999996
3.725
2.5875
2.8125000000000004
4.3375
3.4625
3.9875000000000003
3.2625
5.325
5.6625
5.75
7.175000000000001
5.9875
5.3125
4.2250000000000005
6.699999999999999
4.7875
3.8375
5.0875
3.1375
3.8625
1.8875
1.975
2.6624999999999996
4.5625
3.8625
3.3125
2.3499999999999996
2.1374999999999997
2.2625
2.5124999999999997
4.824999999999999
4.0
3.425
4.0875
4.25
2.1875
1.2125
2.9875
5.45
4.375
5.7375
4.3375
2.9000000000000004
3.375
4.45
3.45
3.6999999999999997
7.6875
6.050000000000001
4.7250000000000005
3.625
3.6125
7.175
5.65
5.575
5.2125
6.2625
5.7125
4.3125
4.3875
6.6
4.05
5.5625
4.612500000000001
3.6000000000000005
3.7125000000000004
4.237500000000001
5.9625
6.675
5.9125000000000005
7.737499999999999
6.5875
5.5125
3.25
7.05
6.1875
6.4375
7.275
5.737500000000001
4.3500000000000005
3.025
3.825
5.4
5.4375
7.775
6.8999999999999995
4.7375
2.475
5.762499999999999
4.85
4.1125
4.1875
5.5
4.6625000000000005
3.7874999999999996
6.449999999999999
5.737500000000001
4.05
6.25
7.625
4.6
4.6
5.675000000000001
1.6625
2.3625
3.3375
3.6750000000000003
4.35
4.1125
3.175
8.2
6.5
4.5
3.0000000000000004
1.65
5.425000000000001
4.6875
4.4625
2.175
3.4875
5.7
8.375
6.549999999999999
2.925
4.4375
4.15
6.6375
9.9875
5.925
4.85
3.2874999999999996
6.275
8.1125
8.4375
3.3000000000000003
5.7125
8.725
8.25
4.85
7.8625
2.5875000000000004
5.025
6.6000000000000005
6.737500000000001
5.65
8.05
8.725000000000001
8.5875
8.787500000000001
7.5625
8.5375
11.350000000000001
8.8875
7.887499999999999
7.9875
7.25
8.8875
6.7125
6.675000000000001
3.35
5.9750000000000005
6.3125
7.0
7.1625
6.324999999999999
6.074999999999999
7.8625
5.95
5.987500000000001
4.95
6.3875
4.1375
4.137499999999999
7.2375
7.3625
7.1625000000000005
8.025
6.112500000000001
6.025
6.4375
7.1625000000000005
6.612500000000001
4.925
5.8625
8.5625
9.65
7.762499999999999
6.2375
4.075
6.8375
9.3125
7.5375
6.362499999999999
7.4375
7.362500000000001
8.9
8.15
7.75
9.7125
7.487500000000001
7.675000000000001
8.675
8.725
7.949999999999999
9.762500000000001
7.075
3.0625
5.975
3.9625000000000004
3.9999999999999996
6.2124999999999995
6.0
6.9
10.1875
5.175
2.3375
2.6375
6.025
8.125
8.762500000000001
7.549999999999999
7.5625
9.5625
7.9875
5.1625000000000005
4.8375
3.6625
5.300000000000001
6.2250000000000005
5.25
8.175
7.025
4.075
2.125
6.887499999999999
7.9125
4.4125
3.7750000000000004
3.6999999999999997
4.637499999999999
8.012500000000001
7.5375
9.1125
8.4625
8.5375
8.137500000000001
7.8875
9.350000000000001
8.8875
7.75
8.1125
7.2375
5.9125000000000005
5.125
3.8125
7.5375
5.1625
4.0875
3.7875
8.1875
8.7125
7.737500000000001
8.75
6.6625
6.124999999999999
4.525
3.3874999999999997
5.675000000000001
4.2875
4.3125
3.825
4.2
4.1125
3.4
2.7499999999999996
3.675
3.6125
3.0125
2.4375
3.2750000000000004
6.3625
6.5625
4.975
3.525
4.325
6.1499999999999995
7.075
3.7375000000000003
4.3500000000000005
5.325
6.7749999999999995
6.7125
3.525
2.6875
6.612500000000001
4.625
2.325
1.4125
3.4625
4.1375
2.5375
4.05
5.575
4.612500000000001
2.7875
2.9625
3.2375
2.225
1.5625
1.4875000000000003
3.1374999999999997
3.125
2.7125
2.0625
2.625
2.5999999999999996
3.0625
3.7750000000000004
4.3125
4.3125
4.4375
3.1
3.4375
7.975
4.325
5.550000000000001
5.3
3.7249999999999996
4.8375
3.5250000000000004
3.75
3.9375000000000004
4.6875
2.55
4.275
3.95
3.8499999999999996
4.85
5.35
3.475
3.8625
3.5875
3.1250000000000004
5.1
2.8125000000000004
4.125
6.699999999999999
7.199999999999999
4.999999999999999
7.725
6.9375
5.475
6.2
6.9125
7.1375
3.6875
4.85
8.375
5.65
3.175
4.9
6.949999999999999
8.2125
7.325
6.137499999999999
5.5375
7.550000000000001
6.9375
6.8
5.300000000000001
8.4625
4.6499999999999995
1.9874999999999998
4.05
5.199999999999999
3.975
4.625
5.975
6.6375
6.275
5.4375
4.425
4.6375
3.4875000000000003
3.8500000000000005
6.5625
10.475000000000001
6.3125
4.5625
7.7250000000000005
7.6875
8.625
7.387499999999999
6.25
5.0125
6.1375
4.625
4.550000000000001
4.175000000000001
6.0874999999999995
6.7625
7.2875
4.4125000000000005
7.2125
3.1625
4.1000000000000005
7.7875000000000005
7.375000000000001
5.050000000000001
3.1000000000000005
3.225
3.7750000000000004
3.4125
3.3
5.8125
3.7125
4.175
3.0875000000000004
2.8000000000000003
1.525
4.5875
5.05
3.8375000000000004
4.075
5.0625
6.4750000000000005
4.2875000000000005
2.4875
4.025
6.7875
7.275
4.825
3.3
2.5375
6.6625
5.6875
5.4750000000000005
6.199999999999999
5.4625
3.2875
3.975
2.4625
4.75
3.8874999999999997
3.0375
7.9625
7.75
6.5874999999999995
7.199999999999999
5.824999999999999
7.575
7.7
5.487499999999999
2.9875
3.4125
2.5625
2.4250000000000003
3.4625000000000004
2.4000000000000004
5.0
4.125
4.25
8.0375
6.325
7.1625000000000005
2.525
3.025
2.1125
2.7
2.575
1.85
3.9875
5.499999999999999
6.025
4.1875
3.3
5.65
6.9125
2.4375
2.6624999999999996
4.612500000000001
5.0874999999999995
6.262499999999999
3.9375
5.4375
7.375
6.825
6.574999999999999
5.387499999999999
6.225
3.2624999999999997
2.9375
5.925
4.1125
2.3625
5.1625
2.075
3.8499999999999996
6.025
4.825
2.8875
6.3
4.9625
3.9124999999999996
3.5374999999999996
3.1625
5.637499999999999
5.7625
6.5
6.6
4.075
4.262499999999999
4.975
6.8125
3.8375
4.7125
5.5125
5.575
8.7875
6.3374999999999995
6.625
7.699999999999999
6.0375
3.45
8.125
7.824999999999999
7.725
5.575
6.35
2.8
2.6375
2.9625
3.6
4.4375
3.9625
4.3375
6.449999999999999
5.7375
7.687500000000001
6.612499999999999
6.125
4.3625
6.95
7.424999999999999
3.8875
4.0125
5.1625000000000005
5.5625
3.5500000000000003
3.8625
5.3375
6.5375
5.175
4.2125
6.5875
5.375
5.1125
6.2
6.0
6.7875
4.4624999999999995
6.45
5.65
2.275
5.7749999999999995
6.1
6.75
6.75
5.862499999999999
7.437500000000001
2.3625
2.4625
5.05
3.9124999999999996
3.9875
6.7250000000000005
7.125
3.4875000000000003
3.7375
5.0125
2.4375
4.8125
4.4
5.5375
4.237500000000001
4.6625
6.175
5.4875
2.4625
4.2125
5.6499999999999995
2.775
5.0
6.45
2.8875
3.3
5.2625
5.237500000000001
4.0625
5.475
6.7875
7.625
5.4875
3.9375
3.6374999999999997
5.4625
5.325
5.4
2.9875
4.324999999999999
5.5875
7.4875
6.112500000000001
6.5125
6.8125
3.7375
4.75
6.0625
7.324999999999999
3.775
5.2625
5.225
4.6375
3.0125
3.1875
6.7375
5.0125
4.1875
2.0125
5.5875
6.675000000000001
7.6
8.25
5.75
9.825000000000001
7.9125
9.062500000000002
6.487499999999999
2.7125000000000004
0.8
2.65
1.3625
3.225
5.887499999999999
4.7125
4.5375
3.775
3.5125
3.5999999999999996
4.874999999999999
6.574999999999999
3.7875
5.5375000000000005
5.3875
4.9625
4.6125
6.4125
4.1875
6.862500000000001
5.7125
6.2124999999999995
3.1875
5.8375
6.3125
6.2125
7.35
7.675
5.0
7.1625
8.45
7.75
7.9
8.1875
9.387500000000001
8.55
8.525
7.8875
5.5
8.3875
6.25
6.387499999999999
3.475
6.775
5.7375
4.975
7.1375
7.2375
7.4624999999999995
7.8625
7.6125
6.65
6.675
3.75
5.5875
7.475
6.6375
5.9375
6.8500000000000005
5.2
1.6625
3.7125
5.125
2.4125
3.5999999999999996
6.875
7.7124999999999995
5.0625
6.075
4.5
6.1875
5.125
3.7250000000000005
3.7375000000000003
6.1125
5.775
4.0375
5.4875
5.9875
5.15
5.237500000000001
4.2375
7.0875
4.3
4.9375
4.5625
6.725
7.6375
7.3125
3.0875000000000004
2.7125000000000004
3.5625
3.8375000000000004
5.737500000000001
7.975
9.45
6.4125
6.6000000000000005
4.925
2.65
3.6750000000000003
4.375
5.025
7.5
6.9125
5.8625
7.425000000000001
5.8125
4.0125
3.7125000000000004
4.8
4.5125
5.0375
3.6125000000000003
6.6125
6.0375
5.0
4.199999999999999
5.487500000000001
4.5375
3.925
3.7125
2.6375
3.425
3.55
5.137499999999999
5.425
3.5
3.8375
4.0375
3.1
2.2625
5.612500000000001
4.575
4.5249999999999995
4.55
5.4875
4.45
2.65
3.1125
1.825
2.975
5.3500000000000005
3.0250000000000004
5.1625000000000005
4.6125
2.8125
1.725
4.8999999999999995
5.487500000000001
6.9375
4.75
7.125
7.2375
6.0875
6.75
4.4625
5.187500000000001
4.1
2.45
1.975
3.45
4.4625
4.55
5.0375
2.8874999999999997
2.7875
3.3375
5.125
5.9125
2.9625
3.3499999999999996
2.4625
2.7375
3.2625
1.7875
3.0
4.199999999999999
4.362500000000001
7.1625
6.499999999999999
7.7625
5.375000000000001
3.6500000000000004
3.3375
2.725
3.2875
6.550000000000001
5.0625
4.2125
2.3
4.875
4.225
3.9625
3.1125
2.4375
5.8125
6.4875
4.3375
3.4625000000000004
5.449999999999999
3.9625000000000004
2.9375
5.225
6.4125
5.2875000000000005
5.3875
8.6125
4.425
4.4625
2.8875
4.5375
3.4625
4.0125
6.012499999999999
5.2875000000000005
5.825
6.387499999999999
6.8125
5.05
5.525
7.325000000000001
6.8875
4.475
6.6625
4.8374999999999995
5.5
7.4750000000000005
5.975
6.225
6.7625
7.1499999999999995
5.9625
7.375
6.699999999999999
4.7625
8.3875
6.8125
6.7875000000000005
7.2625
7.2124999999999995
5.375
7.7
6.9375
7.462499999999999
7.4125
5.875
5.15
6.137500000000001
7.4125000000000005
7.625
6.1000000000000005
6.725
7.6
7.700000000000001
6.0625
4.7875
5.875
5.3
9.0125
8.8375
4.875
8.775
6.3375
6.0625
5.25
3.7625
3.3125
5.325
4.137499999999999
3.0374999999999996
3.9000000000000004
6.625
6.7875
5.300000000000001
6.0
7.925000000000001
4.9
4.2125
2.7625
4.9875
7.737500000000001
6.85
9.4625
7.725
8.0625
4.85
5.675000000000001
7.687499999999999
6.45
6.125
8.175
4.8125
8.0375
7.362500000000001
7.6875
7.5249999999999995
7.362500000000001
5.199999999999999
4.237500000000001
4.4625
4.237500000000001
4.3625
2.9625
3.7375000000000003
3.8875
8.049999999999999
5.025
4.9375
6.5625
9.0625
8.4375
7.2875000000000005
5.237500000000001
3.75
4.5875
8.1875
6.3125
7.4375
3.7125
5.675000000000001
6.3375
4.925
5.0625
3.8874999999999997
4.275
3.0625
3.3125
6.574999999999999
4.824999999999999
3.175
4.2375
5.8125
6.025
6.4125
4.05
4.275
3.0875000000000004
3.9124999999999996
3.1125000000000003
4.8
8.4
6.9875
4.2625
3.8375000000000004
4.924999999999999
4.925
4.2125
2.75
4.875
4.7125
5.0375
7.525
5.7125
5.5125
4.7
4.1875
5.2625
3.85
4.55
4.887499999999999
5.9875
7.800000000000001
9.1
5.9125
5.6
9.9875
8.1625
5.95
5.4625
5.45
4.949999999999999
3.1125
4.475
3.25
5.475
5.8999999999999995
6.4625
4.3
3.4375
6.0874999999999995
4.425
7.262499999999999
5.0125
4.7
2.8875
7.2125
7.4125000000000005
7.05
5.449999999999999
4.2125
5.475
2.6125
3.7625
4.1375
5.0625
4.475
3.35
3.6250000000000004
4.3125
6.6
4.1625
1.8625
3.3875
5.6499999999999995
8.325
6.824999999999999
4.85
6.700000000000001
4.887499999999999
6.675
5.125
7.074999999999999
7.85
6.3
5.6875
5.7749999999999995
6.2625
2.5125
4.8375
6.949999999999999
6.112500000000001
6.9125
5.75
4.3
7.075
7.4125000000000005
5.800000000000001
7.5875
6.5375
7.9375
4.7875
4.2625
4.7375
5.85
7.0875
7.737500000000001
6.800000000000001
8.125
5.6875
5.0
6.025
5.6
6.225
5.262499999999999
6.05
7.125
5.324999999999999
6.1875
3.375
3.475
5.737500000000001
4.875
4.3375
3.25
3.5625
5.8
4.9125
5.625
4.6499999999999995
4.1625
3.875
4.4125
5.4125
6.95
5.7
4.625
3.9
2.65
2.4125
3.5999999999999996
4.449999999999999
2.4000000000000004
3.575
3.9625
5.062499999999999
4.975
5.9
5.2
3.6125
3.6624999999999996
1.8124999999999998
2.775
3.0
2.9
4.362500000000001
5.3375
5.9625
6.1875
5.85
5.6875
3.8375000000000004
4.0874999999999995
6.012499999999999
5.525
3.8625000000000003
4.65
4.0375
4.375
5.15
4.2875
3.4375
5.425
6.7
4.4625
5.525
6.4375
8.399999999999999
8.2875
7.6875
7.95
3.65
5.8625
8.237499999999999
8.237499999999999
5.5875
4.6375
5.1625
9.412500000000001
5.725
5.525
4.1
3.6750000000000003
5.625000000000001
5.975
5.8875
4.487500000000001
5.7
3.9000000000000004
4.05
6.7875
7.487499999999999
7.375
7.5125
5.9125000000000005
7.2125
5.9125
5.074999999999999
7.987499999999999
6.875
6.9624999999999995
6.887499999999999
7.6375
7.1625
6.737500000000001
7.025
7.574999999999999
5.550000000000001
6.2125
5.362500000000001
6.3
7.4125
6.575000000000001
6.4375
6.025
5.125
3.5625
6.925000000000001
3.7375
5.5625
6.2125
6.0375
3.6875
5.8875
6.1625
6.675
6.6499999999999995
6.2625
8.05
8.1
7.175
6.225
7.95
5.050000000000001
6.1375
6.25
2.6125000000000003
4.0375000000000005
4.2250000000000005
6.8
4.8500000000000005
3.0375
3.775
5.0
6.2375
7.2875
7.925
4.449999999999999
5.6000000000000005
6.95
4.625
7.862500000000001
5.987500000000001
5.2875
6.237499999999999
6.012499999999999
5.5874999999999995
4.6625000000000005
5.237500000000001
5.4875
6.4125000000000005
8.937499999999998
6.6875
6.3500000000000005
5.775
7.2375
6.5625
6.9624999999999995
6.575000000000001
4.3999999999999995
7.175
6.275
5.675
5.4375
5.0375
5.2250000000000005
5.1875
5.7125
4.2125
6.7125
5.3875
6.925000000000001
5.175
5.675000000000001
5.762499999999999
8.9375
8.037500000000001
5.8374999999999995
7.1875
5.975
3.1875
4.3625
5.3125
7.5875
6.9875
4.3375
5.2250000000000005
6.725
5.625
3.425
5.95
7.749999999999999
9.274999999999999
7.1375
5.175
5.7875
5.9125000000000005
8.0375
7.8375
4.625
7.0874999999999995
8.25
5.7875000000000005
5.875
4.55
4.225
5.45
3.7375
2.175
5.725
3.8625
5.675
5.0625
5.3125
5.025
6.112500000000001
2.8625
5.5874999999999995
3.8874999999999997
2.4625
6.2
2.6875
5.2749999999999995
6.2
2.5625
1.9375
5.5874999999999995
4.949999999999999
6.35
4.8500000000000005
4.475
3.5500000000000003
5.575
4.1875
2.3499999999999996
2.65
5.2625
5.3375
6.4125
5.0625
6.0125
2.6625
3.875
3.3874999999999997
3.9625000000000004
5.987500000000001
4.9375
3.9625
3.175
4.4624999999999995
5.562500000000001
4.6875
5.8375
6.5875
4.687499999999999
3.3249999999999997
3.5500000000000003
5.362500000000001
6.3500000000000005
6.0125
6.1499999999999995
5.825
4.6125
5.0375
4.1625
3.1
3.6375
5.362500000000001
6.2125
5.574999999999999
4.275
3.6374999999999997
5.625000000000001
7.3625
6.675
5.675
7.2625
7.5249999999999995
5.8625
4.775
4.975
5.2125
5.6
6.25
8.75
5.7749999999999995
4.3500000000000005
5.3375
6.7875
5.45
3.25
3.5500000000000003
3.7625
4.15
4.525
4.925
6.6625000000000005
4.175
6.6375
5.9875
4.1625
5.0625
7.2875
7.2625
4.8
3.6499999999999995
4.3625
4.025
3.4124999999999996
2.9000000000000004
5.55
5.437500000000001
4.175
4.3875
5.475
4.45
5.75
6.112499999999999
4.887499999999999
5.5375
5.775
4.025
3.6125000000000003
4.9750000000000005
5.4
5.5375000000000005
3.3375
4.375
5.525
6.3375
5.6
5.3875
3.5625
3.75
4.75
7.199999999999999
7.300000000000001
4.8875
7.3875
5.7875000000000005
6.5625
4.8625
2.875
4.1125
6.4750000000000005
4.1
3.375
4.0375
5.45
7.2125
4.125
1.875
6.9625
2.8875
3.3
4.2375
5.0375
4.8375
5.0125
5.5375
5.125
5.175000000000001
4.7375
4.4375
4.9
5.2125
5.324999999999999
3.425
6.2125
7.887499999999999
7.0625
7.6499999999999995
5.15
3.8124999999999996
3.7249999999999996
4.5875
4.3875
4.375
3.8625
3.3874999999999997
4.875
6.862500000000001
5.375
4.925000000000001
6.475
4.825
4.675
4.6125
6.05
5.625
4.95
4.9875
7.75
6.7375
7.875
6.6625
3.7125
4.4875
6.2124999999999995
7.8
6.8625
5.5875
7.2875
6.5375000000000005
7.1375
6.75
3.6375
3.8375000000000004
4.4375
5.7625
6.3625
5.7
3.0374999999999996
4.3375
4.862500000000001
8.4125
7.1875
7.65
7.125
6.3125
6.3
7.612499999999999
8.125
8.375
7.7125
7.8374999999999995
4.6875
4.2625
4.225
3.8249999999999997
4.725
5.7875
4.325
5.0
4.7625
6.7250000000000005
4.5125
4.0875
4.5
4.3375
4.8625
7.1875
4.9125
4.8125
4.175000000000001
6.4375
6.8625
5.375
5.5875
7.275
5.500000000000001
4.7250000000000005
5.5625
4.8875
3.9875000000000003
2.5875
3.9124999999999996
4.175
4.5125
7.7
5.1875
4.975
4.65
3.1875
7.0875
7.137499999999999
5.1499999999999995
4.8625
6.7375
7.2875000000000005
6.5
5.975
8.7625
5.4625
4.7875
4.3
5.2
3.5999999999999996
3.525
4.2875
5.987500000000001
5.062500000000001
5.9624999999999995
6.4625
6.8500000000000005
6.3125
5.2625
5.6
4.65
4.95
6.5875
6.625000000000001
4.475
5.0875
6.075
6.175
5.4875
6.725
7.637499999999999
7.312500000000001
6.699999999999999
7.3875
6.550000000000001
3.5625
4.575
4.3625
4.75
4.5875
5.0
6.762499999999999
6.625000000000001
6.937500000000001
8.1875
6.7250000000000005
7.025
5.0125
3.575
5.075
6.7875
5.8125
7.674999999999999
5.199999999999999
7.1875
4.4875
4.824999999999999
1.7999999999999998
4.074999999999999
3.9375
5.0375
5.6
4.9625
1.6125
1.8875
1.85
2.2875
3.0625
3.6625
3.4125
2.8000000000000003
4.425
5.075
6.1499999999999995
4.9125
4.425
4.65
3.1
3.4625
3.5875
3.6374999999999997
4.85
6.449999999999999
6.550000000000001
7.5875
8.1625
6.8
5.699999999999999
4.8500000000000005
7.025
5.2749999999999995
7.1375
4.7875
5.1125
5.525
6.9624999999999995
7.3500000000000005
7.1499999999999995
5.0625
4.625
4.9125
6.387499999999999
6.8375
7.250000000000001
5.762499999999999
6.0375
5.0875
5.887499999999999
7.85
6.5625
6.2125
6.6375
5.525
6.6625
6.374999999999999
4.5
4.475
2.2625
4.05
5.3
5.5875
5.825
6.5125
4.9375
4.425
6.7375
4.137499999999999
3.725
4.0
5.425000000000001
5.15
6.125
5.300000000000001
4.7124999999999995
3.1625
4.5625
3.2375000000000003
5.5
6.3999999999999995
6.675
5.725
6.4125
3.35
4.737500000000001
5.175
7.7
5.7749999999999995
4.45
4.1625
5.375
6.237500000000001
6.112499999999999
6.0125
5.6375
5.85
4.725
4.5625
5.575
2.7874999999999996
3.9000000000000004
5.15
5.7625
5.0
6.6375
5.0
7.025
5.9125000000000005
7.3374999999999995
7.324999999999999
5.4625
5.5249999999999995
3.625
4.6125
5.700000000000001
7.1125
5.25
5.8375
6.7875
6.637499999999999
4.2875
5.6625000000000005
2.4625000000000004
5.4625
6.3625
4.7625
7.15
4.25
4.5375000000000005
6.9624999999999995
6.8374999999999995
6.625
5.8625
6.7875
8.575000000000001
8.45
4.1125
5.45
4.2
5.925000000000001
6.625
5.9
5.8125
3.85
4.6875
3.85
5.0875
4.4750000000000005
5.2375
5.65
4.275
6.125
5.887499999999999
6.5375
5.9625
4.9125
4.25
4.4750000000000005
5.425
5.65
5.8125
7.262499999999999
2.7875
3.675
5.8125
3.55
3.375
5.825
5.625
5.8625
4.05
4.2
4.125
6.324999999999999
5.9125
7.7250000000000005
4.775
2.775
6.5875
6.387499999999999
4.375
6.125
3.4375
4.2625
4.8375
4.0874999999999995
6.3875
6.2
4.0375
6.074999999999999
4.3
4.325
3.975
6.187500000000001
5.625
5.775
5.4375
4.75
5.875
5.6875
6.2625
5.5874999999999995
5.0875
3.375
5.8
4.375
2.625
2.925
5.4125000000000005
4.1125
4.0249999999999995
4.325
4.975
5.275
3.2875
3.6875
4.2125
3.5625000000000004
2.575
2.9625
3.0125
3.7750000000000004
3.9875
4.2375
3.3375000000000004
3.8125
2.7125000000000004
2.3625
3.025
3.3
3.6624999999999996
3.6000000000000005
4.6
5.1875
4.762499999999999
5.0875
4.9
6.199999999999999
5.112500000000001
3.4625
5.637499999999999
6.325
4.1625
2.7125
3.9374999999999996
4.7875000000000005
5.3375
4.7625
4.325
5.1000000000000005
4.5625
4.8500000000000005
5.2625
5.2375
5.525
5.7250000000000005
4.6625
4.05
5.375
5.0875
4.3125
3.4625000000000004
4.125
6.299999999999999
6.15
7.862500000000001
3.425
3.225
5.55
3.6875
4.475
5.1125
6.2125
5.6125
3.8750000000000004
2.375
3.35
4.7875000000000005
3.9999999999999996
5.75
7.6
6.45
4.5125
4.8375
5.425
5.5874999999999995
2.925
4.675000000000001
3.9625000000000004
4.1625
5.475
5.425
5.4875
2.9625
3.55
7.05
4.075
4.7375
4.6375
3.8375
3.95
5.125
6.2125
3.425
3.5375000000000005
4.8
5.3375
6.7125
6.1
4.5874999999999995
3.6374999999999997
3.275
2.3000000000000003
4.9125000000000005
4.45
4.637499999999999
5.5125
5.324999999999999
5.1625000000000005
4.55
4.7250000000000005
5.0375
4.8
4.2375
4.2375
4.6125
4.2875
3.275
3.0375
3.3625
5.35
5.3500000000000005
4.05
3.6375
2.2125
3.5
2.7874999999999996
4.3
2.9
3.275
4.050000000000001
4.7875000000000005
6.3375
4.175
2.3625
4.325
5.775
6.137499999999999
6.2125
6.7
7.3125
4.7375
4.7875
3.6125000000000003
4.3375
5.15
4.5625
3.425
3.1999999999999997
3.0375000000000005
2.925
3.25
3.05
4.012499999999999
3.7125000000000004
4.8125
3.3499999999999996
4.5875
6.375
3.425
4.9
4.45
3.1500000000000004
5.05
4.8999999999999995
3.2
3.8625000000000003
3.3875
2.7
5.4375
5.9750000000000005
4.875
5.875
4.2124999999999995
4.3875
2.3625
4.637500000000001
4.0375
4.2875
5.975
4.025
5.512499999999999
8.512500000000001
4.475
6.0125
3.3375000000000004
1.9375
3.3875
2.775
3.275
4.225
3.6
2.6875
4.475
4.3374999999999995
4.4
2.5875000000000004
5.2749999999999995
5.125
4.775
4.15
5.3375
2.875
4.0625
5.6625
5.562499999999999
4.5875
3.9625000000000004
3.575
4.9875
4.3875
4.3500000000000005
4.949999999999999
3.9749999999999996
4.65
5.45
5.1375
4.199999999999999
4.5875
3.4625
3.425
3.6125
6.112500000000001
5.25
5.7125
5.8
6.55
7.4750000000000005
5.8375
3.5374999999999996
7.9624999999999995
6.375
6.45
6.1625
4.4375
5.3875
4.4375
3.7375
3.6499999999999995
5.75
6.45
7.9624999999999995
3.8999999999999995
5.1625000000000005
6.1125
5.925
5.875
6.7875
7.375
7.5
7.925000000000001
7.6125
5.762499999999999
6.4125000000000005
7.474999999999999
4.5875
5.2
3.75
6.2749999999999995
6.6375
5.3875
5.1875
6.049999999999999
6.8625
6.9375
6.512499999999999
4.512499999999999
4.05
3.7375000000000003
5.5875
4.35
5.4125
6.9125000000000005
6.025
2.7375
4.675
5.5
6.725
5.4625
5.3375
4.5375
4.75
3.25
4.2
4.7125
3.825
4.3
5.8
4.7125
4.4624999999999995
3.55
4.9625
1.9874999999999998
3.6999999999999997
6.9375
5.5
5.6
4.8125
6.1875
5.275
2.9625
3.7625
4.4375
5.3375
5.9625
6.012500000000001
6.1625
4.699999999999999
5.2124999999999995
4.675000000000001
3.8125
3.6125
4.75
5.1499999999999995
4.8125
5.1375
5.75
6.8374999999999995
4.7
4.6125
3.8875
2.9625
2.7875
2.525
5.4
4.75
4.25
6.574999999999999
5.6125
8.15
6.25
6.15
7.7250000000000005
5.0625
5.3375
6.2125
5.8375
5.012499999999999
5.025
7.375
5.8625
5.75
6.137499999999999
5.5875
4.85
4.8125
5.8375
5.225
5.1
6.7250000000000005
6.0249999999999995
7.1375
6.799999999999999
2.9374999999999996
4.1375
6.175000000000001
4.0125
3.1625
3.55
4.3
3.8125
4.3374999999999995
3.7
4.987500000000001
5.8125
4.5625
6.137499999999999
4.1625
5.5375
5.6
7.275
6.0875
3.1374999999999997
5.3875
5.7875
5.65
4.5625
4.025
4.2875000000000005
3.975
4.1875
5.699999999999999
5.1375
3.5250000000000004
4.1375
2.3874999999999997
3.475
4.8875
4.8875
5.1625
6.1875
4.5874999999999995
4.275
2.9875
5.575
3.625
6.7250000000000005
6.1875
6.025
5.475
3.375
3.175
4.0375
7.1499999999999995
5.2749999999999995
3.9375
3.3625
4.0125
3.225
3.4125
5.7125
5.6125
4.6875
4.9625
6.25
7.362499999999999
6.3999999999999995
5.300000000000001
4.2625
5.55
5.175
4.9750000000000005
2.925
5.7625
7.1000000000000005
4.425
6.375000000000001
4.725
4.35
5.437500000000001
5.0
3.8625
5.125
4.15
6.6
5.6375
7.7625
3.2375000000000003
5.3625
6.624999999999999
6.375
5.4875
7.449999999999999
5.15
3.0375
5.8125
5.0
3.7750000000000004
5.3999999999999995
6.275
5.775
5.512499999999999
5.025
5.45
4.425000000000001
5.6375
5.65
5.987500000000001
6.175000000000001
5.75
4.675
3.7625
5.6375
5.0625
5.3125
4.725
7.1625
5.825
4.9375
4.8999999999999995
3.4125
3.6
4.7375
5.4375
3.7375000000000003
4.7250000000000005
5.3125
7.374999999999999
6.6
4.475
4.0375
2.6624999999999996
2.7375
4.4125
4.7875
4.1875
3.25
3.0124999999999997
3.9000000000000004
6.4
4.075
4.8125
4.9
4.625
3.675
2.3
3.1875
3.7249999999999996
4.0
3.3374999999999995
3.3
4.6375
2.9000000000000004
4.825
5.2875
5.15
5.4
5.550000000000001
2.6125
1.775
3.825
4.875
5.3125
5.95
5.425
4.875
2.4875
4.875
3.3625
4.2125
3.35
3.525
3.225
4.449999999999999
5.2125
4.225
3.9
3.925
4.075
4.1875
4.5875
4.8375
3.5
3.25
5.199999999999999
5.075
6.05
5.95
6.7625
4.8875
2.8125
2.7249999999999996
5.025
5.2124999999999995
5.425
5.9875
4.9375
4.7
5.75
4.475
4.8375
3.1125000000000003
3.5125
4.05
4.7749999999999995
4.95
4.9375
2.9499999999999997
4.3374999999999995
3.7
5.437500000000001
4.2125
3.5124999999999997
4.2875
5.7
4.1000000000000005
6.275
5.775
3.3874999999999997
2.675
6.2125
6.375
4.699999999999999
5.9375
4.6125
3.6
3.6374999999999997
5.9875
5.1
5.0625
5.4125
3.8499999999999996
4.375
4.137499999999999
4.225
5.0
5.074999999999999
4.5625
4.9125
5.8374999999999995
5.199999999999999
5.2875
4.3999999999999995
4.5625
4.7375
3.45
3.075
4.1
4.2375
3.5375
3.425
4.2125
3.725
3.1875
3.4625000000000004
4.0
5.9625
5.987500000000001
6.1
4.1625
4.3625
5.7625
4.375
4.875
6.025
7.2125
7.5625
4.8500000000000005
4.7375
6.2625
6.225
5.8625
4.8374999999999995
5.8125
7.15
7.0625
7.4375
7.300000000000001
7.262499999999999
4.7
3.6999999999999997
4.425
4.5875
5.5625
4.5125
4.375
4.0375000000000005
4.475
4.4375
4.075
4.925000000000001
4.4375
4.1625
3.5
3.875
3.3125
4.5375
4.8
4.5249999999999995
4.65
2.525
4.05
4.862500000000001
5.25
3.6999999999999997
4.3999999999999995
3.675
2.925
2.675
3.2625
4.1625000000000005
5.175
3.475
2.1625
3.2375
6.4125
4.9624999999999995
4.812500000000001
4.8625
3.4875000000000003
4.2
4.275
4.6875
6.475
5.3374999999999995
4.8125
3.5999999999999996
3.75
3.6125
4.5375
4.5625
5.9625
6.9750000000000005
4.6
5.3125
4.625
5.9125
4.8375
5.5875
5.1375
5.925000000000001
3.3375000000000004
4.625
5.1000000000000005
5.8
4.4125
5.225
4.9125000000000005
4.7124999999999995
3.3375
3.3875
3.05
2.9375
3.8625
5.05
4.975
6.8625
5.7375
5.9375
5.749999999999999
5.7375
3.3375000000000004
7.7375
7.0875
8.275
6.1625
5.5375
4.2875000000000005
4.5125
4.475
6.324999999999999
6.4125
5.725
3.0374999999999996
4.325
4.7
5.2
4.7749999999999995
4.7625
4.4125
5.4125000000000005
6.1499999999999995
6.1
4.9125
4.387499999999999
3.025
4.325
4.0249999999999995
4.4375
3.575
3.775
4.800000000000001
4.075
4.2125
3.0999999999999996
4.825
6.5875
4.199999999999999
6.0249999999999995
6.4625
5.4125
6.1
5.575
4.15
4.375
3.825
5.2375
4.3500000000000005
4.0625
6.1
6.175000000000001
4.6625
4.8375
6.800000000000001
7.275
5.1499999999999995
3.9499999999999997
4.6125
3.9875
3.6875
2.9375
4.8
5.7375
5.4125
4.4375
5.25
4.7250000000000005
4.9375
5.3
5.8875
6.275
6.85
5.7375
4.5375
5.8374999999999995
6.5375
6.5875
4.2875
6.2749999999999995
5.4624999999999995
4.6125
3.9625000000000004
5.1000000000000005
5.325
4.7375
6.699999999999999
6.6875
5.1375
6.199999999999999
8.525
8.5625
8.1125
7.35
7.262499999999999
4.4125
4.9875
6.5375
8.9125
8.112499999999999
6.137499999999999
5.075
6.575000000000001
5.550000000000001
5.55
4.9624999999999995
4.2125
5.300000000000001
5.125
2.325
4.4375
5.15
5.887499999999999
4.325
4.275
5.375
5.637499999999999
3.15
7.2125
5.0
5.0375
5.25
6.7125
7.4375
4.075
5.987500000000001
6.5249999999999995
3.8375000000000004
6.3999999999999995
5.875
5.324999999999999
6.25
6.387499999999999
7.4375
6.324999999999999
5.4125000000000005
5.525
7.1875
6.4875
7.1625
7.362500000000001
6.5875
4.325
5.3125
6.375
5.775
6.4625
5.3374999999999995
4.975
6.487500000000001
6.7125
6.7375
4.8375
5.7125
4.6625000000000005
4.475
4.1
6.8125
5.562499999999999
6.299999999999999
6.5874999999999995
5.8875
4.225
6.775
4.675
2.5250000000000004
3.5999999999999996
2.8375000000000004
3.625
4.125
3.4625
4.2875
3.8125
5.0125
4.2
3.0
4.325
3.175
3.8875
4.2875
3.95
3.0375
4.1
4.0875
4.625
5.8875
5.1375
4.7250000000000005
3.3500000000000005
3.2624999999999997
3.7750000000000004
2.4875000000000003
3.9749999999999996
4.2875
3.625
4.825
3.8375000000000004
4.5
4.3
3.8375000000000004
4.5
4.512499999999999
5.7125
5.6
4.612500000000001
5.137499999999999
5.637499999999999
5.0625
4.725
4.925
4.3125
5.2
5.25
6.262500000000001
5.05
4.9625
4.8
4.7375
5.1875
4.362500000000001
3.0875000000000004
2.6875
2.375
2.875
3.1625
4.7875000000000005
3.9125
4.85
3.4625
4.825
4.0375
4.8875
3.5375
4.05
3.825
4.2625
5.1125
4.2625
5.2125
4.225
3.1125
2.7875
4.65
5.1375
2.4875
5.0375
4.5
2.5
2.4625
2.4
2.3
2.6999999999999997
4.05
4.0625
4.6125
4.6
4.5375
4.075
3.6750000000000003
4.0625
5.0875
4.8375
4.65
4.15
5.025
5.9875
6.325
5.3
4.7625
4.4
5.2
5.7375
4.6
5.75
6.574999999999999
3.6999999999999997
2.6125
4.6
2.9875
5.3125
6.5125
5.1000000000000005
6.487500000000001
4.237500000000001
4.3
5.3999999999999995
7.000000000000001
8.0625
6.2875
5.6875
5.1000000000000005
6.4375
4.362500000000001
3.3375000000000004
3.6750000000000003
3.475
3.75
4.6875
2.6625
4.7875000000000005
5.175
3.6875
3.65
2.6125
6.887499999999999
7.2
6.6
4.8
3.2625
6.4125000000000005
4.575
5.875
4.0
3.5749999999999997
4.2125
3.5374999999999996
3.825
3.8625
4.525
2.5125
3.5125
5.2125
4.0625
4.725
4.2125
3.825
3.7750000000000004
4.125
4.199999999999999
3.175
5.7
4.8375
5.3125
3.9000000000000004
3.3125
5.55
4.15
3.9124999999999996
4.85
5.475
5.925000000000001
5.9624999999999995
3.9250000000000003
4.237500000000001
3.125
5.5
6.825000000000001
4.825
5.2749999999999995
7.7125
5.875
6.8125
5.975
5.137499999999999
2.6125
5.2875000000000005
5.512499999999999
6.6625
4.525
4.800000000000001
5.0375
4.7875
4.225
3.0875000000000004
4.525
7.199999999999999
5.575
3.6374999999999997
4.175
4.975
6.8375
7.3125
8.9875
6.875
8.5625
8.2625
7.4
6.7125
5.4625
6.2875
7.6000000000000005
7.5249999999999995
4.8
4.7250000000000005
4.525
5.525
5.0874999999999995
6.7749999999999995
6.1
7.95
4.375
5.95
7.8999999999999995
8.1625
4.6875
6.637499999999999
5.6499999999999995
5.0249999999999995
6.8375
3.875
4.3
4.725
4.7375
4.3
7.725
6.0375
3.9625000000000004
6.7875
5.9625
7.2875000000000005
8.875
7.9125000000000005
4.0625
2.575
4.1
6.0625
9.2875
4.987500000000001
4.95
4.9
8.5125
6.7250000000000005
6.7375
5.3625
6.5
3.6875
5.2625
6.325
4.15
5.4
6.775
5.0125
5.4875
6.937500000000001
4.575
4.45
4.725
4.637499999999999
3.1125000000000003
4.325
4.8625
7.4
5.5
5.762499999999999
4.275
4.0125
5.4875
4.7625
5.1625
6.25
6.775
5.9
6.4125000000000005
5.2625
6.2
5.075
4.4625
2.9375
5.5875
6.4625
5.85
4.987500000000001
4.0249999999999995
4.1375
4.5875
3.7625
3.3875
5.125
6.1625
5.9750000000000005
4.4375
4.225
6.425
3.9125
3.8125
4.4875
5.0874999999999995
4.262499999999999
3.8875
2.95
4.725
5.2
3.3125
5.062500000000001
6.225
5.800000000000001
4.875
5.5125
6.112500000000001
6.5874999999999995
5.0125
5.949999999999999
6.5125
4.800000000000001
4.4375
4.1625000000000005
4.1625
3.4625
4.300000000000001
4.762499999999999
5.375
4.0875
5.6
5.7124999999999995
5.2125
4.7875
5.025
5.5375
7.975
7.050000000000001
6.775
4.1625
3.55
3.0
3.3375
4.825
4.5375
4.387499999999999
2.1375
4.862500000000001
3.7125
3.2375000000000003
2.3875
4.775
4.925
2.8
3.4625
3.875
4.75
5.324999999999999
4.4875
6.7124999999999995
4.262499999999999
4.3875
5.5625
5.0375
3.0500000000000003
5.199999999999999
5.2625
3.4625000000000004
3.8499999999999996
4.5875
4.725
5.175
4.1625
3.9124999999999996
2.8625000000000003
3.5375
6.112500000000001
3.7375
4.0125
4.45
6.3374999999999995
6.1125
4.699999999999999
4.324999999999999
5.675
5.7875000000000005
6.050000000000001
5.8125
3.625
4.5875
4.925
6.0125
5.8875
4.0874999999999995
5.9375
5.900000000000001
4.35
4.8125
3.875
5.175
5.8999999999999995
3.0125
3.925
2.5999999999999996
5.0125
3.2750000000000004
6.2125
3.6374999999999997
3.4749999999999996
4.025
3.8000000000000003
4.65
4.9875
6.012499999999999
5.675
4.25
4.375
6.0625
4.15
4.625
5.0874999999999995
4.237500000000001
4.074999999999999
4.7
5.5
4.8625
2.8125
4.512499999999999
5.225
5.2375
6.1625
8.925
7.5
5.575
4.75
4.6875
6.300000000000001
5.5375
6.3
7.125
6.1000000000000005
3.9124999999999996
4.8500000000000005
5.550000000000001
4.7
6.3125
6.675000000000001
5.95
8.7
7.5875
7.8999999999999995
7.7625
7.0375
6.2125
6.7625
7.0249999999999995
6.3875
5.55
5.4375
4.575
4.5125
4.074999999999999
4.4
6.4
7.6
6.6875
5.75
6.625
5.987499999999999
6.012500000000001
5.562499999999999
6.500000000000001
5.199999999999999
3.2875
6.825000000000001
3.4124999999999996
3.3625
5.6875
6.8374999999999995
6.775
5.325
4.1625000000000005
6.237500000000001
6.15
6.925
8.6
4.8125
8.6625
7.5625
6.1125
6.1875
8.475000000000001
5.762499999999999
6.0
6.225
7.8374999999999995
9.75
8.6875
7.662499999999999
8.4375
7.512499999999999
8.85
9.3875
8.5875
8.4625
8.487499999999999
6.449999999999999
3.95
7.75
7.475
5.4625
3.825
4.825
6.0375
6.4875
6.5874999999999995
8.875
7.225
8.524999999999999
8.174999999999999
6.65
7.7375
7.362500000000001
5.574999999999999
6.625
5.987500000000001
5.975
8.775
8.875
8.424999999999999
8.825000000000001
8.0625
6.2124999999999995
5.025
7.5375000000000005
6.0249999999999995
6.9625
7.312500000000001
7.4875
7.7749999999999995
7.550000000000001
7.1
7.875
7.2375
5.925
4.075
6.8875
8.1625
8.6625
8.95
5.775
5.9625
7.125
8.6625
8.1125
8.325
6.0
7.725
6.7250000000000005
7.325
9.2
7.324999999999999
7.775
7.6875
6.5625
8.0625
8.475
8.512500000000001
7.5375
6.799999999999999
6.75
7.625
6.0625
7.2
3.375
5.9125
5.6875
9.025
6.4
6.6875
5.9375
7.125
8.5125
9.5125
7.050000000000001
9.7625
8.875
7.6000000000000005
9.274999999999999
7.7125
7.937500000000001
8.25
6.237500000000001
5.35
6.225
5.95
8.2625
7.75
7.375
7.4375
8.799999999999999
7.2250000000000005
6.225
5.487500000000001
5.725
6.862500000000001
6.6125
7.9
8.774999999999999
8.8875
9.1125
7.25
8.55
5.8875
7.0625
7.85
6.874999999999999
6.525
6.937499999999999
7.3625
7.425
8.4375
9.399999999999999
7.525
8.3125
7.0
5.612500000000001
5.3875
6.5875
7.762499999999999
7.175000000000001
6.4125000000000005
6.8125
7.3375
8.5875
8.475
7.6875
7.675000000000001
7.0625
8.1
6.987500000000001
7.7875
6.8999999999999995
9.3125
7.0
7.4375
6.675
8.525
5.987499999999999
7.5875
8.9625
6.4125
4.15
3.2875
4.0625
5.3875
5.1
4.2749999999999995
6.2625
6.324999999999999
7.737500000000001
8.7625
6.85
6.525
6.65
7.4
5.725
4.675
4.175
3.825
7.125
6.2625
7.112499999999999
7.0875
7.625
6.725
8.2375
6.5
4.574999999999999
5.8875
6.625
5.6125
8.3625
8.45
8.4375
7.65
7.675
4.475
5.8625
5.1875
4.225
5.8375
4.6625
5.4375
5.5625
7.3625
7.1
5.25
5.125
4.5875
5.9125
4.8875
5.9750000000000005
7.2875
6.8125
6.3
6.9
6.8125
8.049999999999999
8.1625
6.9625
5.85
3.9375
6.05
6.475
6.3375
6.1125
6.800000000000001
8.55
9.3875
8.9375
5.737500000000001
6.4875
7.825000000000001
6.237499999999999
7.25
5.925
5.6875
3.975
5.6125
8.0375
8.3625
7.8
8.125
7.8374999999999995
6.95
7.7875000000000005
9.1125
6.7375
7.475
8.924999999999999
7.775
8.962499999999999
7.8125
7.4624999999999995
8.6375
9.1375
8.5625
8.1
8.0625
9.587499999999999
7.6000000000000005
6.9624999999999995
7.0375
8.125
9.325
7.6
9.7125
7.6875
7.4625
7.4624999999999995
8.0
7.65
7.8999999999999995
6.025
6.85
7.9
7.725
7.4625
6.9875
6.6875
6.800000000000001
4.9625
7.5
6.1
6.362500000000001
6.2749999999999995
6.4375
5.4875
6.512499999999999
7.0874999999999995
4.6
6.7125
5.4625
4.9125
8.1125
3.2125
5.2875
6.025
5.975
5.325
4.1625
4.2250000000000005
6.237500000000001
4.475
6.15
5.0
7.725
5.987500000000001
6.1125
6.200000000000001
5.3375
4.325
4.425
4.6
5.925000000000001
4.3875
6.2875000000000005
7.4375
7.65
7.800000000000001
6.2125
7.800000000000001
5.875
6.9875
5.1625
7.275
7.525
6.8625
8.1
7.225
7.375
6.675
7.175000000000001
8.4375
7.8374999999999995
5.925000000000001
6.0125
6.9125
6.4625
6.8
7.7
9.05
8.5125
7.137499999999999
8.225
5.825
5.575
6.7250000000000005
7.137499999999999
8.3875
9.05
6.2875
6.225
6.4750000000000005
8.3375
7.5625
7.4125
6.699999999999999
7.9625
6.0
6.55
7.0125
7.3375
7.975
7.225
6.3625
8.6625
7.9750000000000005
7.825
5.5249999999999995
7.5249999999999995
7.6875
8.6625
6.95
8.2875
7.95
8.325
8.475
8.2625
5.775
5.45
6.737500000000001
8.362499999999999
7.199999999999999
7.2375
6.275
6.737500000000001
6.3
6.9
7.237500000000001
6.1625
6.3375
8.025
7.2125
8.5
8.1875
7.5625
7.325
7.4750000000000005
7.7875000000000005
6.9625
6.687499999999999
7.862499999999999
8.3
8.475
7.85
8.2625
7.275
6.325
6.25
5.449999999999999
7.1375
3.4375
4.812500000000001
4.5
5.475
6.074999999999999
7.275
6.525
5.775
6.625
6.625
7.2625
6.8125
7.0125
7.5375000000000005
6.5625
7.0
7.15
7.6000000000000005
5.612500000000001
3.95
6.324999999999999
7.0125
7.4125000000000005
7.0875
7.5
7.0
7.012499999999999
6.9125
6.375
6.6
8.8375
6.75
7.437500000000001
7.6625000000000005
8.225
6.9125000000000005
6.5625
5.8
6.2875
5.7625
3.7125000000000004
5.0625
8.375
6.362500000000001
5.1499999999999995
4.9375
6.2
5.3125
4.675000000000001
6.0
7.525
6.6625
6.3375
5.012499999999999
5.862500000000001
6.9375
6.874999999999999
6.387499999999999
6.6000000000000005
6.4375
6.4125000000000005
7.8999999999999995
6.5375
9.087499999999999
8.725000000000001
7.0874999999999995
6.1
6.725
5.8875
7.200000000000001
6.7875
5.074999999999999
5.375
5.6875
4.825
5.2125
5.425
6.0375
6.9
6.4624999999999995
5.25
6.4
5.299999999999999
6.6875
5.6875
5.375
5.4875
6.05
5.999999999999999
3.7125000000000004
5.3374999999999995
5.2125
4.825
6.275
6.4875
6.775
6.975
6.987500000000001
5.6625000000000005
5.6375
5.9624999999999995
5.449999999999999
7.6625
7.275
6.612500000000001
7.8374999999999995
6.7375
6.45
5.9
7.062500000000001
6.2625
5.9
5.3125
4.6000000000000005
5.949999999999999
5.55
4.325
4.7375
6.2250000000000005
7.0
4.85
5.2625
4.625000000000001
6.0
7.0375000000000005
7.25
6.8999999999999995
5.512500000000001
5.6000000000000005
6.5375
6.8125
6.75
6.050000000000001
5.95
6.475
7.575
6.4125
6.5375000000000005
6.6625
7.699999999999999
7.6
8.1875
7.2125
6.375
6.3125
6.4
8.299999999999999
5.0
5.65
6.0125
6.2625
8.45
7.15
6.05
6.0375
6.675000000000001
6.5625
8.025
7.1625
7.3374999999999995
6.4375
6.875
7.5625
7.4750000000000005
6.625
7.574999999999999
6.05
7.2124999999999995
7.2875000000000005
6.825
6.175000000000001
4.824999999999999
6.5625
7.0375
5.65
4.2749999999999995
6.5125
6.699999999999999
6.4125
7.125
7.35
7.2875
7.1875
6.7
8.15
8.125
7.4875
8.625
7.6875
6.0
4.6625
8.025
6.8625
6.1625
6.637499999999999
5.225
8.0875
6.5375
4.7125
4.8625
7.375000000000001
7.325
5.35
4.5625
5.25
5.1375
4.9125
3.75
5.5125
5.5125
6.3875
5.7125
6.449999999999999
4.6375
3.425
4.5125
2.275
2.3625
4.987500000000001
5.025
4.425
3.9375
5.112500000000001
2.7249999999999996
3.6125
2.9000000000000004
4.7625
4.7250000000000005
5.1875
7.112500000000001
4.975
3.425
4.199999999999999
4.887499999999999
3.675
3.3125
2.7249999999999996
2.875
2.525
3.0749999999999997
4.887499999999999
4.825
4.55
4.8625
6.175000000000001
6.8
4.3875
5.85
5.6875
6.875
6.075
4.525
5.2875000000000005
4.75
4.6499999999999995
4.55
4.762499999999999
4.275
4.25
4.175
5.85
5.6625
5.8
5.875
6.7
6.6125
6.275
6.1375
6.9625
5.775
6.1000000000000005
5.074999999999999
6.15
6.35
6.2
7.300000000000001
7.25
5.3125
6.25
5.549999999999999
5.9625
6.425
6.6499999999999995
7.5375
7.112500000000001
7.0375
7.449999999999999
6.525
6.9125
5.0875
5.8999999999999995
6.324999999999999
6.65
6.625
5.7
5.7
5.187500000000001
6.074999999999999
7.1625
6.25
5.825
3.5
4.0625
4.45
4.9625
6.35
6.075
5.275
5.699999999999999
6.0375000000000005
5.6499999999999995
6.425
6.6625000000000005
5.7
4.7125
5.5
6.2749999999999995
6.25
6.1875
6.7625
5.825
5.574999999999999
5.1625
5.924999999999999
4.9624999999999995
2.9124999999999996
3.0375
3.875
5.65
6.2875000000000005
5.25
4.1625000000000005
3.1000000000000005
6.3875
4.2
5.0875
4.6375
6.075
6.262500000000001
7.275
7.075
5.75
2.9375
3.3
3.95
5.7124999999999995
6.425000000000001
6.5375000000000005
6.075
6.075
6.35
5.924999999999999
7.15
7.125
7.05
7.2250000000000005
7.4
8.0
7.2375
7.55
6.949999999999999
7.3375
7.612500000000001
6.0249999999999995
5.4750000000000005
6.3500000000000005
6.475
5.5875
6.4375
7.7875
7.5375
4.4375
6.550000000000001
4.3875
6.237500000000001
4.1875
4.3375
5.55
5.9
6.4125
6.225
6.6125
5.7375
5.8
6.875
5.875
5.3125
6.65
4.9375
3.575
4.4125000000000005
3.675
3.6624999999999996
5.6625
4.0625
4.25
4.65
5.675000000000001
3.1874999999999996
5.8
6.7375
5.875000000000001
5.737500000000001
5.1000000000000005
4.3375
3.9125
3.3875
3.6875
4.6375
6.575
4.0375
5.6625000000000005
4.9625
5.687500000000001
5.8374999999999995
5.4625
6.2875000000000005
5.7
5.9625
6.625
4.7625
6.6625
7.325
5.125
4.225
5.5
4.45
5.775
4.7625
5.3125
5.6000000000000005
5.8375
5.7250000000000005
7.4625
6.012499999999999
6.3375
5.8375
5.5249999999999995
2.7875
5.5874999999999995
5.8
5.3
4.887499999999999
4.925
5.5625
5.7625
6.8375
6.4750000000000005
5.975
4.5125
5.7375
6.5375000000000005
4.725
4.875
5.2875000000000005
5.225
5.0125
4.975
5.6625000000000005
5.975
5.4750000000000005
5.3375
4.05
3.8000000000000003
4.425
5.2250000000000005
4.575
4.5
3.6750000000000003
4.050000000000001
6.575
6.15
5.050000000000001
4.925
5.187499999999999
4.737500000000001
4.775
4.05
3.8375000000000004
3.4125
3.7125
4.025
4.45
5.1625
5.5625
5.0
5.8125
5.074999999999999
4.975
4.875
6.675000000000001
5.8875
5.5874999999999995
6.012499999999999
5.5125
2.9749999999999996
4.3125
5.2625
5.2250000000000005
5.6875
5.8625
3.825
2.6
4.9125
3.9000000000000004
4.075
4.5
3.4749999999999996
3.1625
2.575
3.3875
4.6
2.675
4.925
1.45
2.2
1.6625
1.6875
1.9124999999999999
2.2625
4.5375
4.3500000000000005
4.4
4.875
3.95
4.5375
4.2875
4.2375
3.7624999999999997
5.05
4.6875
2.875
2.8375
4.2375
4.5875
2.375
3.0250000000000004
2.9375
2.8625
3.775
3.4625
1.85
4.7875
4.975
4.475
5.6000000000000005
4.5625
4.375
5.1625
4.7124999999999995
4.8125
4.1875
3.0875
3.375
3.95
3.8875
3.6125000000000003
2.7
3.925
3.6125
3.425
2.4375
3.0625000000000004
3.8625
3.575
5.875
5.225
2.4875
3.7375
2.5124999999999997
5.275
4.2124999999999995
3.65
5.1
4.375
4.6375
5.2375
5.85
4.9750000000000005
4.525
5.225
5.2375
5.5875
3.6625
4.9375
3.8
4.9625
5.0375
4.775
5.1499999999999995
7.199999999999999
4.425
6.7125
8.1
6.925000000000001
6.6625000000000005
5.6375
7.0125
5.6375
5.125
6.375
4.875
5.6625
4.7749999999999995
6.612500000000001
8.0
8.7875
7.174999999999999
5.625
3.025
5.550000000000001
7.125
5.0125
5.487499999999999
6.262499999999999
5.7875
4.1375
3.4875
4.3375
5.575
5.675
6.0125
6.4375
5.237500000000001
5.1
5.175
2.7750000000000004
5.6375
6.125
6.275
5.812499999999999
5.3
6.637500000000001
5.6499999999999995
4.8625
4.8
3.6375
5.237500000000001
5.5875
5.6
4.2875
4.0625
4.525
4.4625
4.4875
3.6875
3.0875
3.2375000000000003
2.975
2.2874999999999996
3.675
4.7125
5.2749999999999995
6.0
3.3249999999999997
5.7125
5.8375
4.4375
3.5625
3.6
5.5
5.8875
5.112500000000001
3.925
3.2375
4.7875
4.6375
4.8999999999999995
4.5625
2.3875
3.325
4.237500000000001
5.1375
4.75
4.5375
4.8999999999999995
2.5625
2.75
4.9875
4.125
4.3375
2.8375
3.5999999999999996
3.5
4.262499999999999
5.775
6.25
3.7125000000000004
2.7125000000000004
4.175
5.2875000000000005
5.5
5.1875
4.25
5.5875
5.0125
5.7875000000000005
5.2625
4.1625
2.8750000000000004
5.425
5.175
5.000000000000001
6.300000000000001
6.9125000000000005
6.2125
6.112500000000001
4.6
3.5625
3.3874999999999997
3.2750000000000004
4.05
2.7875
3.9125
3.0999999999999996
3.15
3.9250000000000003
4.1875
4.8500000000000005
3.3125
3.5625
5.0375
3.2749999999999995
4.1125
5.3374999999999995
6.050000000000001
6.125
4.887499999999999
4.8125
7.475
6.5875
4.8375
5.5
6.3625
5.0875
6.1000000000000005
6.375
4.55
6.1125
6.825000000000001
5.7625
4.9125
3.55
4.2125
4.8875
4.8375
4.612500000000001
3.2625
5.237499999999999
4.6125
4.35
5.6
6.15
4.9625
2.375
2.6
3.4000000000000004
4.4125
5.112500000000001
4.262499999999999
6.050000000000001
3.975
4.1875
4.85
5.4625
5.45
6.1625
5.7875000000000005
5.0875
5.525
4.5625
5.25
5.737500000000001
3.675
4.3500000000000005
4.55
3.1125
3.7624999999999997
4.25
3.8
5.8375
4.9
4.75
6.2
5.0125
5.4875
7.1375
6.9375
6.5625
5.7125
6.9375
7.7
6.525
6.7625
5.4625
5.9750000000000005
6.824999999999999
3.7625
4.6125
5.275
4.9125000000000005
3.6375
4.362500000000001
5.1125
4.625
6.8500000000000005
7.875
5.8125
6.025
3.575
3.7375
2.5125
3.5375
3.6624999999999996
4.1375
4.275
4.15
3.3375
4.6375
4.625
3.2125
2.6125
2.85
3.4625
6.2
5.2749999999999995
4.7625
7.2875000000000005
6.125
4.175
5.325
4.4125
5.35
4.300000000000001
5.050000000000001
4.9125
3.4125000000000005
5.4
4.2875
4.8374999999999995
4.1375
5.762499999999999
2.5875
4.2625
5.0375
5.675000000000001
5.7875
4.975
6.5625
5.112500000000001
6.3
4.775
5.625
4.3125
4.824999999999999
6.4875
6.862499999999999
6.8
7.1125
6.8125
6.699999999999999
3.6875
5.2
5.512499999999999
6.5875
4.15
3.1374999999999997
4.625
4.425
5.775
5.7125
3.7874999999999996
3.475
2.975
3.075
2.75
4.375
4.8625
4.3500000000000005
3.4499999999999997
2.75
2.6375
5.8999999999999995
6.737499999999999
4.0874999999999995
3.6875
6.6375
6.5625
6.3875
5.5125
4.6125
3.9375
6.3625
6.8125
5.8125
4.8625
3.8125
2.7874999999999996
5.5
4.887499999999999
5.324999999999999
6.3125
3.825
4.2125
4.8125
5.75
5.125
4.775
4.9625
4.1875
5.35
6.3125
4.8875
5.725
5.0375000000000005
4.3
5.125
4.6625000000000005
5.4
4.6000000000000005
3.6
2.8875
4.75
4.2875000000000005
6.15
5.4624999999999995
4.0375
5.725
4.324999999999999
6.2125
5.824999999999999
6.949999999999999
6.0249999999999995
5.7625
6.187499999999999
6.225
6.4875
5.3875
5.0625
5.275
6.2250000000000005
6.0
5.3625
6.125
6.225
3.9625000000000004
6.062499999999999
5.3625
3.6875
3.6499999999999995
4.55
3.5500000000000003
3.7874999999999996
2.3
6.5625
7.0625
5.625
4.2625
2.55
4.175
5.05
2.9
4.575
4.85
1.9375
3.9124999999999996
4.875
4.925
5.075
6.925
5.4625
3.6499999999999995
4.4875
4.8625
3.3874999999999997
2.8125
3.675
3.0749999999999997
2.925
5.2875
3.5
2.9
3.3375
1.9000000000000001
2.55
3.2624999999999997
1.6375000000000002
3.65
3.5625
5.1625
6.6
7.875
7.2125
5.9
6.6625
6.812499999999999
4.2124999999999995
7.8375
6.862500000000001
6.9875
6.9375
4.7125
5.325
6.8625
7.1625
6.625
6.0375
3.15
2.7
5.5375
5.4625
5.0125
5.8
4.4
5.449999999999999
4.7375
4.8875
3.275
3.625
2.9000000000000004
5.675
5.825
3.3625
3.8
3.6624999999999996
4.7875
4.5874999999999995
5.3625
4.3125
3.675
4.7749999999999995
3.4375
4.4875
3.6375
4.175
3.7375
5.3125
3.9999999999999996
3.55
4.1125
4.325
4.1375
5.7875
3.8874999999999997
4.750000000000001
5.55
3.3375000000000004
4.6625
2.625
2.5125
4.5125
4.675
4.4125
3.55
4.6875
4.975
5.512500000000001
4.112500000000001
5.35
5.575
5.0
6.325
5.7124999999999995
5.3374999999999995
4.8375
4.5375
3.4875
2.8
3.2125000000000004
3.45
3.5875000000000004
5.925
6.4125
3.875
5.862500000000001
3.6125
4.8375
2.7125
3.4375
4.7625
4.175
5.8125
4.7625
5.9375
4.2625
4.65
6.2875
5.4624999999999995
3.925
5.675
5.5874999999999995
4.375
6.112500000000001
5.6625000000000005
4.925
7.575
5.9625
5.4375
6.025
5.45
6.15
5.025
5.762499999999999
4.2124999999999995
6.7875000000000005
4.2625
4.75
6.437499999999999
6.75
4.35
6.3375
3.2874999999999996
6.050000000000001
4.325
3.7625
3.3
3.4625
6.000000000000001
5.45
3.35
3.95
4.8375
5.45
4.1
6.0625
6.2375
3.5625
4.4125000000000005
6.2
4.737500000000001
3.15
3.1999999999999997
2.8
2.7375
4.375
4.3
2.975
2.9999999999999996
2.875
3.0875
3.2
3.925
2.15
5.3375
5.675000000000001
4.862500000000001
4.225
2.8375000000000004
3.9875
4.25
4.0375000000000005
4.525
3.2375
4.137499999999999
3.925
4.25
3.4875
4.1875
4.575
4.5875
4.949999999999999
4.825000000000001
3.775
2.1625
3.1625
6.1625
5.7625
6.925
8.362499999999999
5.312499999999999
5.824999999999999
5.425
5.887499999999999
4.45
5.2375
7.5249999999999995
5.975
6.3375
5.25
4.6499999999999995
4.725
4.75
6.9625
5.1375
6.1499999999999995
5.0375000000000005
4.5
6.449999999999999
8.275
6.487500000000001
5.9625
4.6
5.6875
4.375
4.225
2.1875
2.15
3.2624999999999997
3.9625000000000004
5.9875
6.725
5.525
4.55
7.1125
7.125
6.75
5.35
6.012500000000001
5.35
5.2625
6.3375
7.925000000000001
3.6875
6.8
4.9
3.3499999999999996
2.6125
4.0375
3.025
4.6375
4.7
4.8875
5.45
3.2750000000000004
4.0375
2.5
5.3
4.375
3.8375
4.15
4.125
5.8375
5.0
3.8499999999999996
5.074999999999999
5.5625
5.225
4.125
4.512499999999999
4.425000000000001
5.85
5.6
3.4125
5.6000000000000005
6.25
4.6875
1.9
1.7374999999999998
4.875
2.6875
5.85
3.575
2.0875000000000004
3.0124999999999997
3.5250000000000004
3.8499999999999996
3.3125
3.45
7.0875
5.7125
6.0125
5.9875
4.5875
4.125
4.2375
4.5874999999999995
3.4625000000000004
2.7125
4.3125
4.375
4.2375
4.725
3.175
6.5
5.45
5.175
4.8875
2.6125
2.925
3.425
6.25
5.4625
4.6000000000000005
3.7250000000000005
4.3625
5.9625
4.5375
5.75
7.9375
5.5125
4.2625
5.699999999999999
3.7125
4.525
5.2125
1.9625
3.3375
2.9875
2.7125
5.2375
4.862500000000001
4.0375000000000005
4.1875
5.9125
6.0375
4.925
2.7625
2.9
3.3375000000000004
4.025
4.6375
5.550000000000001
5.975
4.825
3.05
3.7250000000000005
4.025
4.975
5.3375
3.6125
5.637499999999999
4.625
3.5875
4.9375
2.9250000000000003
6.025
4.2375
2.7875
2.8
3.1875000000000004
4.925
6.2250000000000005
4.3375
3.3625
4.95
2.675
3.0375
3.4625000000000004
5.2125
5.025
4.0
3.375
5.5375000000000005
3.5
3.6375
4.1625
2.7125000000000004
5.8875
6.6625
4.1625
6.449999999999999
4.95
2.1125
2.8499999999999996
3.7499999999999996
3.15
5.65
4.5125
3.7375
5.9624999999999995
6.2124999999999995
4.5875
4.9
3.3875
4.825
4.075
3.2874999999999996
2.15
2.675
1.8250000000000002
4.8625
3.275
3.5
3.225
3.825
3.7
3.9875000000000003
3.7625
3.7500000000000004
4.375
4.35
3.775
4.3625
3.9875000000000003
4.1625000000000005
4.4125
5.3375
3.6
3.25
4.8375
5.5625
6.4375
4.8999999999999995
5.125
4.1625000000000005
3.375
4.0875
4.125
4.4875
6.637499999999999
5.0249999999999995
6.95
5.5874999999999995
5.1
5.1375
5.612500000000001
6.074999999999999
5.875
3.9375
6.3
5.2375
7.800000000000001
5.487500000000001
7.0625
5.137499999999999
7.2875
6.4125
7.425000000000001
4.475
4.4875
7.0875
6.0125
5.1875
6.8
6.6499999999999995
5.7
4.9875
3.2374999999999994
4.925
6.8875
6.6625
7.2375
4.3875
3.8125
5.0625
3.0625
3.9124999999999996
4.1125
4.0375
4.025
3.4375
7.325
8.35
7.362500000000001
5.35
6.612500000000001
7.075
7.85
6.7875000000000005
6.3125
6.5375
6.775
6.1875
7.75
7.7
7.0
6.2125
6.6125
4.1
3.8125
3.8000000000000003
5.7875000000000005
5.550000000000001
6.6375
7.5125
6.5625
8.2
7.3875
6.5125
7.275
8.674999999999999
8.1875
5.6125
5.275
7.475
5.1499999999999995
4.6625
6.875
6.1125
5.887499999999999
7.637499999999999
7.6875
6.699999999999999
8.55
8.225
7.525
8.4375
7.6
8.0125
9.5875
7.875
5.062499999999999
6.85
7.137499999999999
6.4625
6.5375
7.95
6.574999999999999
9.075
8.45
7.1625000000000005
6.862500000000001
6.3875
6.05
9.0375
7.824999999999999
8.1125
7.2625
6.5125
6.6625000000000005
7.2125
6.65
7.225
6.637499999999999
6.550000000000001
6.525
6.2625
6.175
6.625
7.2625
6.975
6.3125
6.575000000000001
4.5375
4.0875
6.0875
5.5625
8.7875
8.9625
8.975
8.987499999999999
9.025
8.0375
8.55
5.7375
7.0375000000000005
5.387500000000001
4.9125
4.5375
3.8625000000000003
4.824999999999999
4.7875000000000005
7.275
7.2875
2.9999999999999996
5.8999999999999995
6.762499999999999
7.9625
7.3
4.1375
5.325
5.725
7.1875
6.325
5.6625
6.012499999999999
6.25
5.85
6.6625
6.5
7.55
5.5
5.525
5.7749999999999995
7.937499999999999
7.7875
7.2125
7.95
7.7125
6.487500000000001
6.762499999999999
7.2250000000000005
6.7875
4.7
6.9125
6.1125
4.5375
3.4124999999999996
4.137499999999999
2.3875
3.4124999999999996
6.9375
3.95
4.2875
4.4125
4.3625
5.2875
5.8875
4.075
5.4
7.862500000000001
4.9375
5.25
4.7
6.575
5.35
3.2750000000000004
4.6
3.7625
3.5999999999999996
5.95
5.85
5.55
4.3
5.8374999999999995
4.75
5.9625
4.625
4.4125
5.425000000000001
5.525
4.85
5.325
4.45
5.875
5.475
4.6
5.875
6.7625
4.35
5.0375
6.425
7.6125
4.9875
4.225
4.325
6.3625
5.6375
5.4125
4.3875
4.7625
4.1625
5.5
5.675
5.2125
4.4375
5.1000000000000005
4.3625
4.9
5.75
6.5125
7.4750000000000005
5.925000000000001
3.55
4.7625
4.987500000000001
4.4
5.925000000000001
6.0875
5.4125000000000005
4.45
5.925
4.975
6.9125
6.3374999999999995
5.175000000000001
3.8
3.8
4.8375
4.3500000000000005
6.0625
6.475
5.5625
5.35
4.5
5.4624999999999995
5.0875
5.95
5.6875
4.675000000000001
4.6375
5.2875000000000005
5.012499999999999
5.5625
6.6875
5.7250000000000005
5.7375
5.6
4.6125
5.625
4.5875
4.2625
3.5624999999999996
5.325
5.887500000000001
6.1375
5.7375
5.2875000000000005
4.525
4.9875
6.425
6.75
6.0249999999999995
6.4125
5.8
6.0625
6.437499999999999
5.2749999999999995
6.7250000000000005
5.9125000000000005
7.125000000000001
6.5
5.324999999999999
5.9625
5.8875
6.0625
5.1125
5.9750000000000005
5.55
6.8125
7.4625
5.987500000000001
5.25
5.25
7.625
5.0625
3.1
4.9375
6.4375
5.6625
5.987500000000001
6.112500000000001
5.825
4.925
4.5
4.8374999999999995
5.45
6.1000000000000005
5.4125000000000005
6.95
5.3374999999999995
4.775
6.4875
6.25
5.7375
6.25
6.325
5.425
5.3375
6.825
7.262499999999999
5.3375
5.9
5.0
5.125
5.05
5.8
6.1125
4.3375
4.8999999999999995
4.3125
4.2125
4.65
5.225
4.0625
4.3875
4.4750000000000005
5.424999999999999
4.125
3.7875
3.3875
4.4750000000000005
3.9125
4.4875
5.574999999999999
4.262499999999999
5.2250000000000005
4.675
3.1999999999999997
5.125
5.7625
4.7749999999999995
4.6000000000000005
5.262499999999999
3.9375
4.925
5.125
6.3875
6.487500000000001
4.525
2.95
4.300000000000001
4.0125
4.2625
2.8875
4.0375
4.2250000000000005
5.387499999999999
4.6
3.4375
6.0875
5.5875
3.9375
4.7875
2.8625
3.5625
5.2375
5.225
5.5
3.5125
3.45
4.1125
4.237500000000001
5.2625
5.275
3.7
3.775
5.4624999999999995
4.825
6.750000000000001
4.6375
5.800000000000001
6.9125
5.6625
6.112500000000001
3.3875
3.5374999999999996
6.0874999999999995
4.1875
3.9625
2.625
3.7750000000000004
3.8375
4.824999999999999
3.5
5.975
5.525
2.875
3.4625
3.3875
3.025
3.0625
5.025
4.325
4.512499999999999
6.5625
5.7125
2.95
2.3
3.3625
3.4250000000000003
3.375
3.5375
3.4000000000000004
3.6
3.2499999999999996
3.3875
4.5375
4.075
4.2875000000000005
3.6
3.4875000000000003
3.5250000000000004
3.7375
5.175
3.0999999999999996
3.1750000000000003
4.3
4.1375
4.2125
3.9000000000000004
4.2875
3.2875
3.0249999999999995
4.2124999999999995
3.3249999999999997
3.9
4.3
4.9125
4.875
4.025
3.4749999999999996
3.3499999999999996
5.3125
3.5625
3.6499999999999995
3.5999999999999996
4.275
3.25
3.725
3.9749999999999996
3.9625
3.9375
3.9875
3.6625
4.425
3.8875
3.0625
3.3874999999999997
3.7250000000000005
4.2375
3.5625
3.6625
3.9499999999999997
4.0375
2.8
3.175
3.825
5.0125
4.325
4.025
2.975
3.3125
4.1875
3.5625
3.8375
4.0625
3.3
3.225
4.0375000000000005
4.7125
4.8
4.925000000000001
3.7
4.9375
5.3
5.0375
4.1
4.2125
4.074999999999999
3.7
3.7875
4.8875
3.375
3.7
4.875
3.9375
4.475
5.55
4.8125
5.1375
5.237500000000001
5.325
2.8125
2.5875
4.3875
3.7625
4.075
5.487500000000001
4.7875
4.5
4.375
4.375
4.3125
3.975
3.9375
3.25
3.2625
4.175
5.55
3.6
2.9875
3.1125
2.9125
3.8125
2.65
3.8
4.0375
4.4750000000000005
3.5500000000000003
3.1500000000000004
4.15
4.3500000000000005
3.7625
2.7
2.5749999999999997
3.3249999999999997
2.8625
3.5
3.9875
3.0875000000000004
2.6875
3.0625
3.5874999999999995
3.8125
3.9749999999999996
2.85
2.8
2.4875
3.35
4.05
5.0375000000000005
4.5875
4.525
4.4125
4.75
3.5124999999999997
4.975
4.1875
3.8375
4.887499999999999
4.975
5.6125
5.225
4.824999999999999
4.275
4.2
3.9625000000000004
2.9375
3.1
4.6000000000000005
4.675
5.3625
4.2875
4.225
3.2
3.35
4.1875
4.0125
3.9124999999999996
4.25
3.3874999999999997
3.75
3.7
3.55
3.675
4.5
5.4125
4.625
4.0625
3.925
5.0875
5.625
4.125
4.05
5.375
4.6499999999999995
4.4375
4.3625
5.0375000000000005
6.175000000000001
5.05
4.875
4.5875
5.35
6.75
6.9625
6.4624999999999995
4.1125
4.575
4.4375
3.75
4.8875
3.9749999999999996
5.0
5.4
4.9875
4.799999999999999
4.0375
4.55
4.425
5.275
4.6625
5.0875
2.875
2.8375
3.4125
3.2
5.075
5.7375
6.15
7.05
4.4625
5.1125
5.949999999999999
4.575
6.074999999999999
2.95
5.2125
5.35
6.2125
5.4625
6.074999999999999
5.925000000000001
4.6625
3.4125
2.8875
4.7375
5.8125
5.1375
3.9
4.925000000000001
4.5
4.025
5.7749999999999995
4.9125
5.175
5.1875
6.3125
5.675000000000001
5.5875
5.5375
6.4125
5.175
5.6375
6.699999999999999
5.3125
4.0375
4.2875
4.65
5.625
7.174999999999999
6.4375
4.2625
5.3375
5.199999999999999
5.825
5.875
4.675
4.25
3.5
2.75
3.2625
5.575
4.862500000000001
4.7625
4.55
4.6625
4.0875
4.475
5.2
6.574999999999999
4.3625
4.55
3.1875
4.4875
5.3125
4.8374999999999995
4.949999999999999
5.3
2.725
3.9375
4.5375
4.075
3.6750000000000003
3.875
3.5875
5.987500000000001
5.0625
3.7874999999999996
2.7375
4.075
4.975
4.5
4.0625
4.6000000000000005
4.3625
4.1875
2.5
3.225
3.475
4.5
3.9124999999999996
4.8
4.025
5.225
4.487500000000001
5.475
5.7625
5.9125
5.5375
5.1625
6.075
5.65
6.0
5.6625
6.5625
5.5375
6.674999999999999
6.6875
8.3125
5.8125
6.7875
6.1000000000000005
7.425
5.5
5.737500000000001
5.2
6.5
6.6875
6.325
5.875
5.7875
5.762499999999999
6.4
4.0375
3.3374999999999995
3.2124999999999995
5.0
5.275
4.5
5.574999999999999
6.062500000000001
4.5875
3.7750000000000004
5.575
3.25
3.1125
4.325
4.675000000000001
5.4875
4.1375
3.2750000000000004
5.7875
5.4125000000000005
4.2375
5.6625000000000005
5.2875000000000005
4.8875
5.7875
5.65
4.737500000000001
5.2125
5.575
4.55
4.275
4.574999999999999
4.1875
3.525
4.625
4.025
5.15
5.975
6.3999999999999995
3.7625
3.9375
4.8125
4.35
6.025
5.375
5.2125
6.4624999999999995
5.725
5.225
4.862500000000001
5.112500000000001
5.775
4.9375
4.9625
4.8875
4.7375
5.2125
5.125
5.225
5.9125
7.2250000000000005
5.9
5.575
6.2124999999999995
6.8875
6.5
6.3125
4.3375
6.4125
6.75
4.7875
3.7749999999999995
7.2125
4.775
6.5874999999999995
4.6375
4.3125
5.925
4.8
3.7625
2.4125
3.4
5.575
5.1
4.0625
4.237500000000001
4.525
5.2875
4.425
5.574999999999999
4.425
6.0125
6.575
4.975
5.3
5.9
5.4875
4.375
3.925
5.125
5.9875
6.0875
6.0375
5.7125
5.275
6.550000000000001
5.5874999999999995
7.1000000000000005
4.7375
3.8125
5.525
5.5375
4.85
4.875
6.65
5.85
6.449999999999999
6.1875
5.85
6.262499999999999
6.1625000000000005
6.575
4.825
5.7125
5.175
5.9875
4.8875
4.2124999999999995
5.35
4.7625
5.4375
5.0
5.525
5.525
5.175
5.1
5.2625
4.6375
4.15
4.987500000000001
4.5625
3.175
3.95
4.275
3.325
1.825
3.5124999999999997
2.5125
3.875
5.2124999999999995
4.675000000000001
4.0375
4.5
5.0375
5.25
4.4875
4.525
6.4624999999999995
6.6125
6.9125000000000005
4.5
4.975
4.0125
4.25
7.2
6.4
5.025
5.5249999999999995
6.675
6.9125
4.699999999999999
6.025
5.3125
7.0375000000000005
6.425000000000001
5.75
4.875
5.425
5.225
5.2625
5.225
5.1
4.9375
5.199999999999999
4.737500000000001
5.3
5.199999999999999
7.050000000000001
5.4125
4.3999999999999995
4.7
3.55
4.9
6.8125
6.125
5.3999999999999995
5.7875
6.075
6.7
6.25
7.075
7.262500000000001
8.3375
7.7125
7.225
7.2625
3.85
4.9624999999999995
5.112500000000001
6.95
5.575000000000001
6.800000000000001
5.300000000000001
5.475
6.6875
6.300000000000001
4.575
3.1375
5.725
5.6125
7.3625
3.9875
3.8125
4.9875
5.0375000000000005
5.475
5.575
5.3875
4.575
5.475
5.8625
5.7124999999999995
5.0
4.6499999999999995
5.574999999999999
5.075
5.2
5.075
5.4875
6.5
5.575
5.9125
6.950000000000001
7.1625
6.4875
5.7375
6.5874999999999995
7.6625
7.362500000000001
6.2
4.1000000000000005
5.1125
4.6625
6.062499999999999
6.374999999999999
6.8125
6.574999999999999
6.075
9.850000000000001
7.2250000000000005
6.025
7.2625
7.2375
6.5625
7.5875
7.2125
5.025
5.4624999999999995
5.262499999999999
5.9375
6.3125
5.975
6.4375
5.9625
6.9375
4.975
6.362500000000001
5.050000000000001
4.975
4.9
6.2125
5.2375
4.7625
4.6625000000000005
3.4625
2.9375
4.9625
4.4375
4.65
3.8125
4.0125
4.0
3.35
3.825
4.175000000000001
4.95
3.8875
5.25
5.325
4.2125
4.275
3.95
6.625
5.5375
4.95
4.7875
5.3375
4.8375
5.6125
4.3875
2.8875
3.775
4.35
3.125
4.0875
4.7749999999999995
4.175
5.075000000000001
6.799999999999999
7.3375
5.8375
6.8125
6.4125000000000005
5.375
5.6875
6.887499999999999
5.824999999999999
4.9
4.637499999999999
3.5125
4.7
6.0
4.5
6.450000000000001
4.225
4.2
3.625
3.2
2.8625000000000003
4.025
3.5249999999999995
5.3875
4.074999999999999
4.35
3.3499999999999996
3.8374999999999995
4.2375
3.5999999999999996
5.5625
3.6250000000000004
5.425
5.5625
3.9875000000000003
5.4125
4.3875
5.8
6.6875
4.725
5.762499999999999
4.6499999999999995
4.275
4.85
5.374999999999999
5.1125
6.275
7.1875
5.15
5.65
5.925
7.0875
5.175000000000001
4.6625
4.35
5.475
4.9375
2.7874999999999996
5.7375
3.4625000000000004
4.625
5.15
5.4875
3.375
4.2375
4.9125
5.7375
5.4625
3.75
5.5
4.275
3.6125000000000003
3.875
3.5625
3.7
2.1499999999999995
4.487500000000001
5.85
5.887499999999999
4.55
3.7
4.2625
4.925000000000001
3.5625
3.4375
2.925
4.324999999999999
4.775
5.1875
4.875
4.637499999999999
4.6000000000000005
5.625
5.0249999999999995
5.65
5.6625
4.4875
6.0875
6.3875
5.6375
4.7375
4.6125
3.625
3.55
3.8125
2.6625
2.8499999999999996
3.9375
4.125
4.7875000000000005
6.725
4.95
3.55
3.625
4.7125
5.0125
4.775
4.574999999999999
4.2375
4.1375
5.0125
4.199999999999999
4.6
4.1625
4.5
4.7375
4.725
3.8375
2.7125000000000004
3.3249999999999997
4.237500000000001
4.3375
4.1625
4.050000000000001
4.449999999999999
5.9875
5.737500000000001
6.0375
4.075
3.925
5.362500000000001
4.7875
5.012500000000001
4.4875
3.7
4.3125
5.6625
6.275
5.512500000000001
5.0625
4.2
4.800000000000001
3.85
4.012499999999999
4.737500000000001
3.625
3.7
2.95
2.95
4.9
4.7875
4.575
4.55
3.5625
3.9124999999999996
3.7625
5.1
3.9875000000000003
4.4
3.6500000000000004
4.574999999999999
4.6875
2.9625
3.9499999999999997
5.2625
5.0
5.4375
5.225
5.85
4.7375
4.2250000000000005
3.2125
3.5749999999999997
3.7875
4.074999999999999
4.4375
4.9
5.2875
4.0
4.362500000000001
5.987500000000001
7.8999999999999995
4.625
4.9
4.5375
3.3875
5.8125
5.75
5.325
4.8875
3.4875000000000003
3.825
4.375
4.35
4.9875
5.862500000000001
4.2875000000000005
2.6374999999999997
3.3875
3.6750000000000003
4.2375
4.5125
6.124999999999999
5.975
3.9124999999999996
4.0874999999999995
3.975
5.0874999999999995
5.0875
5.95
4.7375
7.487500000000001
5.2
3.1999999999999993
3.575
4.8375
3.525
3.95
6.4624999999999995
5.125
4.4750000000000005
3.3750000000000004
2.9625
2.4875
3.35
4.075
3.2875
2.2375
3.95
4.45
5.1625
3.5625000000000004
3.2124999999999995
4.3
4.2375
2.975
4.3125
3.1875
2.95
4.0874999999999995
4.2875
5.15
2.6875
3.9749999999999996
4.6125
4.3875
4.0375
4.0625
5.275
2.675
3.1875
3.3125
4.3125
3.4375
3.325
2.95
3.825
3.1875
5.55
3.3375
5.0375
5.075
4.2124999999999995
5.0125
2.9125
4.625
2.8875
1.8375
2.825
2.65
2.575
4.5249999999999995
3.3625
1.925
1.8125
2.075
3.0124999999999997
2.775
2.525
2.625
3.3249999999999997
4.55
6.062499999999999
4.3625
5.35
4.85
4.612500000000001
3.5999999999999996
4.6
3.5374999999999996
4.362500000000001
4.6875
6.4750000000000005
3.975
2.525
3.2375
3.4875
2.1624999999999996
4.862499999999999
4.575
4.487500000000001
3.9125000000000005
4.8374999999999995
5.7
5.275
4.5375
5.425000000000001
6.3500000000000005
4.9125
5.4625
3.7
5.25
6.4750000000000005
5.025
4.0375
4.9875
5.3125
4.4375
3.9125000000000005
4.675
4.9125000000000005
4.6875
5.6875
6.5125
4.1499999999999995
6.5
6.4125
5.75
5.550000000000001
4.45
5.387499999999999
4.475
5.0875
4.4624999999999995
2.5625
4.8125
3.7124999999999995
5.375
5.25
6.0
4.325
3.7249999999999996
3.3375
4.449999999999999
1.875
1.875
3.5999999999999996
2.7874999999999996
3.0249999999999995
2.5375
2.7125
1.9875
2.1
4.0
3.975
3.8
3.5250000000000004
2.775
3.1500000000000004
5.0375
1.9875
2.05
2.2375
1.6
3.25
5.325
1.9625
2.0125
2.6125
2.9499999999999997
2.9625
2.4625
2.425
2.8875
1.8125
2.025
2.3125
2.6375
1.9875
4.525
5.2375
4.75
4.8875
4.2875
3.5125
3.6249999999999996
3.2750000000000004
4.3625
4.825
3.2
5.2124999999999995
4.4
5.7875
5.95
4.074999999999999
4.9125
4.7625
4.1875
4.2875
3.05
5.4625
3.55
1.0875000000000001
1.7999999999999998
2.7500000000000004
2.775
2.95
3.5
2.9499999999999997
2.3375000000000004
1.8125
1.6875000000000002
3.3999999999999995
3.8375000000000004
2.6875
2.3875
2.4749999999999996
2.7625
2.275
2.075
1.725
2.3875
2.675
2.2375
1.625
1.625
1.0875
1.975
2.4
3.5374999999999996
3.625
2.3249999999999997
1.9749999999999999
2.7375
2.0
1.9874999999999998
2.1125
3.25
3.85
3.2875
3.225
3.0624999999999996
3.0
2.9000000000000004
5.9875
2.875
1.75
4.4
4.762499999999999
4.612500000000001
5.35
5.425000000000001
6.1499999999999995
5.2
5.5375
2.8375000000000004
5.0875
7.425
4.925
5.55
5.45
5.987499999999999
2.7125
1.9
2.5625
4.0625
3.8625000000000003
2.3625
3.2625
1.7000000000000002
3.0
4.425
6.199999999999999
4.35
4.475
4.2625
4.2124999999999995
4.7250000000000005
5.3500000000000005
2.25
3.375
4.9750000000000005
3.9875
3.3625000000000003
3.5125
4.05
3.5124999999999997
4.0375
3.45
3.5999999999999996
3.4125
3.775
1.875
1.9124999999999999
1.8875
1.0125000000000002
2.5875
4.05
2.4625
3.2750000000000004
3.4375
4.6125
5.050000000000001
3.3874999999999997
2.5
2.1999999999999997
4.2625
5.8125
5.249999999999999
4.575
5.025
5.05
4.2875000000000005
4.1875
3.6000000000000005
4.375
5.2875000000000005
5.1625
4.0375
4.050000000000001
4.637499999999999
4.9125
3.7125
2.975
2.9499999999999997
3.45
3.6500000000000004
3.9875
3.875
3.6375
4.525
3.8125
3.0375
4.9375
4.15
3.3375
4.2375
4.1625
4.4
3.025
2.6625
3.05
3.6875
2.3875
4.75
4.4750000000000005
5.1
4.4875
5.675
4.925000000000001
5.450000000000001
5.65
5.5125
4.262499999999999
4.8125
3.925
3.55
5.3375
5.2875
5.387499999999999
4.6000000000000005
5.7375
6.362500000000001
5.612500000000001
5.324999999999999
5.925
6.175000000000001
4.8374999999999995
4.175000000000001
4.4125
4.05
3.3
3.9749999999999996
4.8125
4.1125
4.775
5.2875
4.7
5.3375
4.9
5.35
6.249999999999999
6.1625
4.9375
4.2875
4.9375
5.699999999999999
4.075
3.6625
4.0
4.7625
4.9624999999999995
4.85
5.9125000000000005
5.0249999999999995
2.775
4.0
2.025
5.300000000000001
4.775
2.525
4.237500000000001
4.7
4.249999999999999
4.8125
2.9625
3.5624999999999996
1.8875000000000002
4.1875
3.225
3.3125
2.575
3.9625000000000004
3.6875
3.875
4.2625
3.875
4.1375
3.8625000000000003
1.8249999999999997
2.95
2.575
2.5250000000000004
2.7375
4.8625
4.112500000000001
3.8
4.6125
4.35
4.1
3.9375
3.9375
4.7375
4.075
3.95
5.8875
4.8374999999999995
4.3
5.5625
4.95
5.5
5.2875000000000005
3.575
4.250000000000001
3.3875
3.1624999999999996
3.5
4.175
3.7624999999999997
3.125
3.1750000000000003
3.525
3.9875000000000003
5.05
5.675000000000001
3.9499999999999997
3.7249999999999996
5.475
5.674999999999999
6.0
3.0999999999999996
4.575
3.2875
5.0375
4.425
4.4625
4.0
3.0124999999999997
2.725
4.437500000000001
4.6625
4.612500000000001
4.3375
4.7749999999999995
4.8375
4.6125
6.7875000000000005
5.9125000000000005
4.612500000000001
4.8125
5.1875
4.225
4.925
4.5625
4.45
4.7375
4.5625
4.3875
3.8375000000000004
3.1750000000000003
3.9625
3.5375000000000005
2.35
2.8874999999999997
3.9374999999999996
4.5375000000000005
4.362500000000001
4.7625
4.1375
3.8374999999999995
3.4124999999999996
2.8125
4.3875
3.975
3.5999999999999996
4.15
4.1375
3.925
4.875
5.425
4.1125
3.675
3.3000000000000003
4.5
4.475
3.4375
3.3
2.6125000000000003
3.35
2.5749999999999997
3.7625
4.2125
4.95
4.8125
3.575
4.0875
4.425
4.949999999999999
5.074999999999999
5.7250000000000005
5.3374999999999995
3.9875
3.475
2.5875000000000004
3.05
3.5125
3.2
3.9875
2.5375
2.8875
4.0
2.975
3.1875
4.85
4.0125
3.5250000000000004
3.7375
3.6374999999999997
2.8874999999999997
2.1375
2.8
4.35
4.775
4.3875
2.5625
3.1500000000000004
3.1625
3.7375000000000003
4.05
3.0625
2.8375
4.125
3.3625
2.4749999999999996
2.2625
1.975
2.6999999999999997
1.8375
2.55
5.262499999999999
4.1375
4.875
4.5625
3.6375
2.7125000000000004
3.925
3.0875000000000004
3.375
2.1875
2.6375
3.2125
5.7
4.8875
3.8749999999999996
4.5
3.2625
4.6625
2.8375000000000004
2.525
3.5125
2.9625
4.8374999999999995
4.75
3.8
5.2250000000000005
4.0625
3.9124999999999996
5.075
4.0875
4.8
5.7250000000000005
4.3500000000000005
5.2875
3.8499999999999996
4.125
3.8
5.0625
4.4
2.9625
2.2624999999999997
3.4250000000000003
5.0625
5.5375
5.5625
5.6375
6.5875
6.9
3.9875000000000003
5.675
5.275
4.3999999999999995
3.4
4.7125
4.1625
4.425
5.324999999999999
5.1499999999999995
5.3999999999999995
5.812500000000001
5.7749999999999995
5.0874999999999995
5.0375
5.1
4.2
5.05
4.175
5.475
5.7875
5.55
4.199999999999999
5.2250000000000005
5.4624999999999995
4.0625
3.35
4.975
6.325
5.35
4.8500000000000005
4.5125
3.425
3.375
3.7750000000000004
4.5249999999999995
3.5500000000000003
3.9375
5.3374999999999995
6.987499999999999
6.3625
4.8875
6.325
5.1
4.9125
5.3
6.45
6.687499999999999
6.875
4.5375
5.0375
4.7
5.0125
4.675
4.5125
4.75
4.362500000000001
4.8125
4.8500000000000005
3.4625
4.2
4.3374999999999995
3.8
3.325
4.1875
3.8249999999999993
4.825
5.1375
4.675
4.1000000000000005
4.3375
3.925
5.0625
4.125
5.262500000000001
6.2375
6.0249999999999995
5.225
5.0875
3.7125
4.9875
4.475
5.387499999999999
5.0874999999999995
6.4625
6.625
6.525
6.075
4.375
3.875
5.9125000000000005
5.85
6.0375
5.6375
4.275
2.9125
4.575
3.125
3.6
4.5
4.8625
3.475
5.8625
5.45
5.312499999999999
4.8
4.95
3.9624999999999995
3.9124999999999996
2.8
2.6625
4.3
4.800000000000001
5.225
3.6625000000000005
3.35
3.2750000000000004
2.425
2.425
5.1625
4.175
2.7125
4.0625
4.1625
3.4250000000000003
3.9749999999999996
4.5125
4.875000000000001
5.1625
2.5125
2.4875
2.5
4.125
5.75
4.6499999999999995
4.375
4.5375
4.2625
4.824999999999999
4.9
5.2875000000000005
4.4125
3.625
4.3
6.55
4.9875
5.0375
4.8125
5.15
4.4875
3.775
3.4000000000000004
4.975
5.45
3.2624999999999997
3.9000000000000004
5.0375000000000005
3.75
3.65
5.4125000000000005
3.825
2.9250000000000003
4.05
3.2874999999999996
3.0625000000000004
3.5124999999999997
3.1875
3.9625000000000004
4.4750000000000005
3.5249999999999995
3.2874999999999996
3.6624999999999996
3.3875
2.5
3.025
2.6374999999999997
3.2249999999999996
3.2624999999999997
3.6125
3.725
3.5375
2.625
2.5
3.4875
2.55
2.275
2.7125000000000004
2.25
2.0625
2.725
4.7250000000000005
3.8625000000000003
4.1125
4.1625000000000005
3.4125000000000005
3.9124999999999996
3.3375000000000004
2.575
4.3
4.5
4.6
3.75
4.4875
3.5
3.55
4.425
4.925000000000001
5.8875
5.262499999999999
5.9625
6.325
6.2875
4.75
5.4125000000000005
5.725
4.2375
5.75
6.3125
6.5
7.2
5.5625
6.425
6.8375
6.2
5.575
7.1625
6.825
7.237500000000001
7.175
6.55
5.7250000000000005
5.5375
4.6
6.137500000000001
5.375
5.0125
5.4375
6.1
6.275
6.012499999999999
4.8625
5.45
5.9125000000000005
4.85
5.6625
6.7875000000000005
7.15
5.75
6.375
7.8375
6.575
5.699999999999999
3.6125
4.45
4.4125
3.2125
4.125000000000001
5.5125
6.9624999999999995
4.5125
2.825
3.825
5.1625
5.2875000000000005
3.4125
4.375
4.4625
4.7749999999999995
6.337499999999999
3.8249999999999997
2.0625
3.6
4.9625
4.8374999999999995
5.0375
4.425
3.6374999999999997
3.9625000000000004
3.2874999999999996
2.7625
4.675
5.325
4.5625
3.4375
4.375
5.275
4.575
3.7750000000000004
4.487500000000001
6.824999999999999
5.5625
4.5874999999999995
6.262499999999999
3.3
3.1624999999999996
2.8
3.4625
3.475
4.175
3.2874999999999996
4.3625
5.6625
5.125
5.825
4.1375
3.1875
5.6
7.1375
6.2125
4.5375000000000005
4.525
5.5
4.262499999999999
5.975
5.512499999999999
5.2749999999999995
5.9875
5.3
4.075
2.9124999999999996
5.5625
5.25
5.75
5.85
4.325
4.9875
3.725
3.7375
4.3375
3.3375
4.0125
4.1625
4.7749999999999995
4.2125
4.275
4.325
2.775
2.5374999999999996
2.5625
3.8874999999999997
4.9625
4.237500000000001
5.6625
4.2875
5.9375
5.5
4.2875
4.2875
3.725
2.3375
3.2125
4.2875
3.225
2.3874999999999997
3.5875
3.3875
3.825
4.075
2.6125
4.925
3.65
3.45
4.975
4.0
4.0125
5.3625
4.0875
3.9625
3.7125
5.9375
6.125
5.3
5.2125
5.1375
3.7125
5.300000000000001
5.85
5.3999999999999995
6.2875
5.675
4.625
4.5375000000000005
5.4624999999999995
3.8875
5.675000000000001
5.6
5.5625
6.025
6.0874999999999995
5.375
5.3125
3.7125
4.2625
2.8875
2.8625
3.625
3.525
3.4499999999999997
4.6125
5.525
4.3500000000000005
5.8625
5.15
5.700000000000001
3.6875
4.0125
5.8375
6.9
6.1875
3.5625
3.7
4.475
6.050000000000001
4.5375
5.3125
7.1625
6.300000000000001
3.425
3.8375000000000004
4.0875
4.0125
3.1624999999999996
3.1625
6.3
6.1125
5.425000000000001
4.475
3.2375000000000003
3.7125000000000004
3.3499999999999996
3.4375
3.5625
4.1125
4.5875
5.75
4.2875
5.3375
2.925
5.35
4.5625
5.1
4.425
4.6625
2.8375
4.5625
4.1875
3.4625
4.5875
4.475
5.1125
4.9125
4.05
3.5875
2.7875
2.8625
4.0625
6.0375
3.925
4.2
3.6624999999999996
3.25
3.4625
3.7625
4.3625
4.625
4.575
4.525
5.0375
5.2375
4.4125
5.012499999999999
6.012500000000001
4.7125
4.3999999999999995
4.45
4.6
5.675
5.1499999999999995
4.8375
4.6
4.3375
4.3374999999999995
3.6624999999999996
4.8125
5.5
4.5375000000000005
5.075
6.0875
4.725
5.0375000000000005
4.4
6.1000000000000005
4.6625000000000005
3.3625
3.7625
5.275
5.1625
4.45
4.225
4.35
6.625
5.8875
4.4625
4.5125
4.4875
6.775
5.225
5.8125
2.5625
3.0375
4.512499999999999
5.575
5.575000000000001
5.3375
3.575
3.8749999999999996
5.499999999999999
6.375
4.75
7.825000000000001
6.025
3.1125
5.2125
4.3375
5.0625
4.112500000000001
4.075
5.249999999999999
5.6875
2.7375
4.1
5.7375
6.3
5.012500000000001
4.8500000000000005
5.05
3.9
6.1499999999999995
5.375
3.6500000000000004
5.175000000000001
3.8875
2.975
3.6375
4.5125
2.9375
2.35
2.4125
3.5875000000000004
4.9
5.3125
4.8375
3.2125000000000004
4.9
5.2375
5.6625000000000005
6.0874999999999995
5.8125
5.275
6.325
5.75
6.55
7.062499999999999
6.5874999999999995
4.4
4.3375
3.75
3.35
3.9125
2.45
2.9000000000000004
3.9625000000000004
2.6374999999999997
3.25
4.0
7.600000000000001
6.8625
6.499999999999999
6.1499999999999995
5.5375
4.175
4.9125000000000005
6.262499999999999
3.8375
4.6625000000000005
5.750000000000001
4.0249999999999995
3.5875
2.8
5.5625
5.7124999999999995
3.3875
3.2875
2.4375
2.5625
2.8499999999999996
3.3375000000000004
3.125
4.0375
5.3875
6.3
4.574999999999999
4.4375
5.175
3.9625
5.4625
5.8125
6.675000000000001
5.1125
3.4375
3.75
3.8000000000000003
4.4875
3.9749999999999996
4.125
3.7375000000000003
4.3875
4.375
4.300000000000001
4.65
4.775
4.487500000000001
6.074999999999999
4.3125
4.35
4.2625
4.95
4.3500000000000005
