3.3937762890
3.4355249056
3.4772735222
3.5190221388
3.5607707554
3.6025193720
3.6442679886
3.6860166052
3.7277652217
3.7695138383
3.8112624549
3.8530110715
3.8947596881
3.9365083047
3.9782569213
4.0200055379
4.0617541545
4.1035027711
4.1452513877
4.1870000043
4.2287486209
4.2704972375
4.3122458541
4.3539944707
4.3957430872
4.4374917038
4.4792403204
4.5209889370
4.5627375536
4.6044861702
4.6462347868
4.6879834034
4.7297320200
4.7714806366
4.8132292532
4.8549778698
4.8967264864
4.9384751030
4.9802237196
5.0219723362
5.0637209527
5.1054695693
5.1472181859
5.1889668025
5.2307154191
5.2724640357
5.3142126523
5.3559612689
5.3977098855
5.4394585021
5.4812071187
5.5229557353
5.5647043519
5.6064529685
5.6482015851
5.6899502017
5.7316988182
5.7734474348
5.8151960514
5.8569446680
5.8986932846
5.9404419012
5.9821905178
6.0239391344
6.0656877510
6.1074363676
6.1491849842
6.1909336008
6.2326822174
6.2744308340
6.3161794506
6.3579280671
6.3996766837
6.4414253003
6.4831739169
6.5249225335
6.5666711501
6.6084197667
6.6501683833
6.6919169999
6.7336656165
6.7754142331
6.8171628497
6.8589114663
6.9006600829
6.9424086995
6.9841573161
7.0259059326
7.0676545492
7.1094031658
7.1511517824
7.1929003990
7.2346490156
7.2763976322
7.3181462488
7.3598948654
7.4016434820
7.4433920986
7.4851407152
7.5268893318
7.5686379484
7.6103865650
7.6521351816
7.6938837981
7.7356324147
7.7773810313
7.8191296479
7.8608782645
7.9026268811
7.9443754977
7.9861241143
8.0278727309
8.0696213475
8.1113699641
8.1531185807
8.1948671973
8.2366158139
8.2783644305
8.3201130470
8.3618616636
8.4036102802
8.4453588968
8.4871075134
8.5288561300
8.5706047466
8.6123533632
8.6541019798
8.6958505964
8.7375992130
8.7793478296
8.8210964462
8.8628450628
8.9045936794
8.9463422960
8.9880909125
9.0298395291
9.0715881457
9.1133367623
9.1550853789
9.1968339955
9.2385826121
9.2803312287
9.3220798453
9.3638284619
9.4055770785
9.4473256951
9.4890743117
9.5308229283
9.5725715449
9.6143201615
9.6560687780
9.6978173946
9.7395660112
9.7813146278
9.8230632444
9.8648118610
9.9065604776
9.9483090942
9.9900577108
10.0318063274
10.0735549440
10.1153035606
10.1570521772
10.1988007938
10.2405494104
10.2822980270
10.3240466435
10.3657952601
10.4075438767
10.4492924933
10.4910411099
10.5327897265
10.5745383431
10.6162869597
10.6580355763
10.6997841929
10.7415328095
10.7832814261
10.8250300427
10.8667786593
10.9085272759
10.9502758924
10.9920245090
11.0337731256
11.0755217422
11.1172703588
11.1590189754
11.2007675920
11.2425162086
11.2842648252
11.3260134418
11.3677620584
11.4095106750
11.4512592916
11.4930079082
11.5347565248
11.5765051414
11.6182537579
11.6600023745
11.7017509911
11.7434996077
11.7852482243
11.8269968409
11.8687454575
11.9104940741
11.9522426907
11.9939913073
12.0357399239
12.0774885405
12.1192371571
12.1609857737
12.2027343903
12.2444830069
12.2862316234
12.3279802400
12.3697288566
12.4114774732
12.4532260898
12.4949747064
12.5367233230
12.5784719396
12.6202205562
12.6619691728
12.7037177894
12.7454664060
12.7872150226
12.8289636392
12.8707122558
12.9124608723
12.9542094889
12.9959581055
13.0377067221
13.0794553387
13.1212039553
13.1629525719
13.2047011885
13.2464498051
13.2881984217
13.3299470383
13.3716956549
13.4134442715
13.4551928881
13.4969415047
13.5386901213
13.5804387378
13.6221873544
13.6639359710
13.7056845876
13.7474332042
13.7891818208
13.8309304374
13.8726790540
13.9144276706
13.9561762872
13.9979249038
14.0396735204
14.0814221370
14.1231707536
14.1649193702
14.2066679868
14.2484166033
14.2901652199
14.3319138365
14.3736624531
14.4154110697
14.4571596863
14.4989083029
14.5406569195
14.5824055361
14.6241541527
14.6659027693
14.7076513859
14.7494000025
14.7911486191
14.8328972357
14.8746458523
14.9163944688
14.9581430854
14.9998917020
15.0416403186
15.0833889352
15.1251375518
15.1668861684
15.2086347850
15.2503834016
15.2921320182
15.3338806348
15.3756292514
15.4173778680
15.4591264846
15.5008751012
15.5426237177
15.5843723343
15.6261209509
15.6678695675
15.7096181841
15.7513668007
15.7931154173
15.8348640339
15.8766126505
15.9183612671
15.9601098837
16.0018585003
16.0436071169
16.0853557335
16.1271043501
16.1688529667
16.2106015832
16.2523501998
16.2940988164
16.3358474330
16.3775960496
16.4193446662
16.4610932828
16.5028418994
16.5445905160
16.5863391326
16.6280877492
16.6698363658
16.7115849824
16.7533335990
16.7950822156
16.8368308322
16.8785794487
16.9203280653
16.9620766819
17.0038252985
17.0455739151
17.0873225317
17.1290711483
17.1708197649
17.2125683815
17.2543169981
17.2960656147
17.3378142313
17.3795628479
17.4213114645
17.4630600811
17.5048086976
17.5465573142
17.5883059308
17.6300545474
17.6718031640
17.7135517806
17.7553003972
17.7970490138
17.8387976304
17.8805462470
17.9222948636
17.9640434802
18.0057920968
18.0475407134
18.0892893300
18.1310379466
18.1727865631
18.2145351797
18.2562837963
18.2980324129
18.3397810295
18.3815296461
18.4232782627
18.4650268793
18.5067754959
18.5485241125
18.5902727291
18.6320213457
18.6737699623
18.7155185789
18.7572671955
18.7990158121
18.8407644286
18.8825130452
18.9242616618
18.9660102784
19.0077588950
19.0495075116
19.0912561282
19.1330047448
19.1747533614
19.2165019780
19.2582505946
19.2999992112
19.3417478278
19.3834964444
19.4252450610
19.4669936775
19.5087422941
19.5504909107
19.5922395273
19.6339881439
19.6757367605
19.7174853771
19.7592339937
19.8009826103
19.8427312269
19.8844798435
19.9262284601
19.9679770767
20.0097256933
20.0514743099
20.0932229265
20.1349715430
20.1767201596
20.2184687762
20.2602173928
20.3019660094
20.3437146260
20.3854632426
20.4272118592
20.4689604758
20.5107090924
20.5524577090
20.5942063256
20.6359549422
20.6777035588
20.7194521754
20.7612007920
20.8029494085
20.8446980251
20.8864466417
20.9281952583
20.9699438749
21.0116924915
21.0534411081
21.0951897247
21.1369383413
21.1786869579
21.2204355745
21.2621841911
21.3039328077
21.3456814243
21.3874300409
21.4291786575
21.4709272740
21.5126758906
21.5544245072
21.5961731238
21.6379217404
21.6796703570
21.7214189736
21.7631675902
21.8049162068
21.8466648234
21.8884134400
21.9301620566
21.9719106732
22.0136592898
22.0554079064
22.0971565229
22.1389051395
22.1806537561
22.2224023727
22.2641509893
22.3058996059
22.3476482225
22.3893968391
22.4311454557
22.4728940723
22.5146426889
22.5563913055
22.5981399221
22.6398885387
22.6816371553
22.7233857719
22.7651343884
22.8068830050
22.8486316216
22.8903802382
22.9321288548
22.9738774714
23.0156260880
23.0573747046
23.0991233212
23.1408719378
23.1826205544
23.2243691710
23.2661177876
23.3078664042
23.3496150208
23.3913636374
23.4331122539
23.4748608705
23.5166094871
23.5583581037
23.6001067203
23.6418553369
23.6836039535
23.7253525701
23.7671011867
23.8088498033
23.8505984199
23.8923470365
23.9340956531
23.9758442697
24.0175928863
24.0593415028
24.1010901194
24.1428387360
24.1845873526
24.2263359692
24.2680845858
24.3098332024
24.3515818190
24.3933304356
24.4350790522
24.4768276688
24.5185762854
24.5603249020
24.6020735186
24.6438221352
24.6855707518
24.7273193683
