0.0000005951
0.0000010409
0.0000017788
0.0000030564
0.0000051320
0.0000084269
0.0000135460
0.0000213394
0.0000329810
0.0000500645
0.0000747209
0.0001097572
0.0001588190
0.0002265722
0.0003205454
0.0004498917
0.0006227759
0.0008504357
0.0011456497
0.0015223872
0.0019951954
0.0025782954
0.0032843825
0.0041231676
0.0050997307
0.0062128108
0.0074632734
0.0088158320
0.0102376628
0.0116876494
0.0131173810
0.0144737125
0.0157019981
0.0167497440
0.0175703675
0.0181267194
0.0183940313
0.0183490874
0.0179963470
0.0173792025
0.0165349171
0.0155097413
0.0143555214
0.0131262285
0.0118747003
0.0106498399
0.0094944496
0.0084438030
0.0075249858
0.0067723933
0.0061846230
0.0057636883
0.0055091831
0.0054181116
0.0054861417
0.0057086296
0.0060813676
0.0066010373
0.0072653717
0.0080730461
0.0090289709
0.0101358162
0.0113824299
0.0127652099
0.0142781299
0.0159121838
0.0176549984
0.0194906624
0.0213998073
0.0233599646
0.0253462044
0.0273320432
0.0292853534
0.0311796519
0.0329932844
0.0347083175
0.0363118519
0.0377965181
0.0391605543
0.0404074545
0.0415452193
0.0425852794
0.0435411999
0.0444253985
0.0452515372
0.0460356947
0.0467866818
0.0475109369
0.0482129354
0.0488958608
0.0495624100
0.0502155992
0.0508594415
0.0514993913
0.0521424813
0.0527990596
0.0534788010
0.0541903412
0.0549412669
0.0557371152
0.0565808235
0.0574724453
0.0584091555
0.0593855444
0.0603941634
0.0614262686
0.0624728351
0.0635244171
0.0645736201
0.0656166847
0.0666529908
0.0676854449
0.0687206943
0.0697691562
0.0708448490
0.0719650080
0.0731494696
0.0744198089
0.0758089592
0.0773345409
0.0790112236
0.0808515296
0.0828617204
0.0850406789
0.0873792282
0.0898599822
0.0924577844
0.0951407359
0.0978717607
0.1006095946
0.1033053381
0.1059201678
0.1084202911
0.1107777618
0.1129712577
0.1149862871
0.1168148715
0.1184547853
0.1199084677
0.1211817260
0.1222823562
0.1232069994
0.1239717936
0.1245865984
0.1250537484
0.1253724500
0.1255386904
0.1255454394
0.1253831534
0.1250405794
0.1245058363
0.1237677258
0.1228126095
0.1216215830
0.1202145106
0.1185998117
0.1167925243
0.1148139684
0.1126908834
0.1104541164
0.1081369822
0.1057734443
0.1033962773
0.1010353696
0.0987209006
0.0964731280
0.0943026404
0.0922157962
0.0902138505
0.0882938148
0.0864494950
0.0846726146
0.0829539351
0.0812842970
0.0796555137
0.0780615619
0.0765000717
0.0749670325
0.0734638980
0.0719944241
0.0705645176
0.0691820953
0.0678569638
0.0666007090
0.0654265632
0.0643492020
0.0633844186
0.0625584856
0.0618863770
0.0613775514
0.0610439628
0.0608941910
0.0609328247
0.0611601950
0.0615725284
0.0621625434
0.0629204673
0.0638354000
0.0648985195
0.0661123775
0.0674606886
0.0689462738
0.0705778524
0.0723699755
0.0743424320
0.0765191550
0.0789266717
0.0815921559
0.0845411510
0.0877950441
0.0913883091
0.0953175690
0.0995558433
0.1040745751
0.1088287064
0.1137564453
0.1187800804
0.1238079196
0.1287373585
0.1334589908
0.1378615796
0.1418338672
0.1452196100
0.1479856680
0.1500788959
0.1514704535
0.1521566401
0.1521581269
0.1515177209
0.1502969117
0.1485715388
0.1464269669
0.1439531676
0.1412320794
0.1383644325
0.1354358652
0.1325103027
0.1296401186
0.1268656938
0.1242154489
0.1217062657
0.1193442441
0.1171257646
0.1150388482
0.1130650123
0.1111863675
0.1093652564
0.1075767214
0.1057990709
0.1040156854
0.1022163260
0.1003978314
0.0985641458
0.0967256794
0.0948980704
0.0931004781
0.0913574544
0.0896919848
0.0881173523
0.0866450787
0.0852816114
0.0840282555
0.0828815625
0.0818340750
0.0808753102
0.0799928610
0.0791734986
0.0784041764
0.0776755071
0.0769726886
0.0762879239
0.0756153935
0.0749509129
0.0742915591
0.0736352367
0.0729802417
0.0723248750
0.0716671444
0.0710045843
0.0703336328
0.0696500904
0.0689506762
0.0682317325
0.0674899118
0.0667223661
0.0659268770
0.0651019163
0.0642466359
0.0633607927
0.0624446209
0.0614986722
0.0605208829
0.0595146663
0.0584808325
0.0574199614
0.0563327416
0.0552201667
0.0540837677
0.0529258458
0.0517496706
0.0505596117
0.0493611755
0.0481612327
0.0469686905
0.0457917088
0.0446383346
0.0435161997
0.0424321643
0.0413920232
0.0404002968
0.0394601143
0.0385731911
0.0377398932
0.0369593716
0.0362341722
0.0355569579
0.0349236827
0.0343305492
0.0337735414
0.0332485147
0.0327512583
0.0322775381
0.0318231307
0.0313838576
0.0309556278
0.0305346040
0.0301166104
0.0296979341
0.0292757926
0.0288479740
0.0284129298
0.0279698521
0.0275187277
0.0270603630
0.0265963733
0.0261291329
0.0256616824
0.0251983165
0.0247432371
0.0243003740
0.0238734937
0.0234659169
0.0230803298
0.0227186413
0.0223819055
0.0220703164
0.0217832815
0.0215195688
0.0212781756
0.0210577260
0.0208550203
0.0206687506
0.0204980335
0.0203423808
0.0202015778
0.0200754887
0.0199638192
0.0198658758
0.0197803582
0.0197052236
0.0196379171
0.0195738597
0.0195088426
0.0194387870
0.0193599219
0.0192690880
0.0191639828
0.0190433223
0.0189069054
0.0187555784
0.0185911066
0.0184157581
0.0182325926
0.0180454911
0.0178573292
0.0176706015
0.0174873087
0.0173089086
0.0171363273
0.0169700204
0.0168100703
0.0166563043
0.0165084164
0.0163664929
0.0162299560
0.0160985385
0.0159722063
0.0158509717
0.0157348348
0.0156237221
0.0155174341
0.0154156095
0.0153177109
0.0152230357
0.0151307787
0.0150399555
0.0149494406
0.0148583677
0.0147659980
0.0146717770
0.0145753918
0.0144768262
0.0143764144
0.0142748852
0.0141733903
0.0140735061
0.0139776707
0.0138883586
0.0138078594
0.0137384452
0.0136820547
0.0136401140
0.0136134029
0.0136019848
0.0136052120
0.0136218101
0.0136500338
0.0136880271
0.0137340491
0.0137857497
0.0138422291
0.0139033925
0.0139700596
0.0140440042
0.0141279178
0.0142252967
0.0143402546
0.0144772668
0.0146408566
0.0148376686
0.0150704131
0.0153399125
0.0156465855
0.0159891886
0.0163647526
0.0167686326
0.0171946668
0.0176354328
0.0180825813
0.0185272200
0.0189599934
0.0193694505
0.0197487780
0.0200910399
0.0203903111
0.0206416701
0.0208411171
0.0209854399
0.0210720550
0.0210988475
0.0210640337
0.0209660661
0.0207992946
0.0205641021
0.0202623329
0.0198936970
0.0194584557
0.0189575301
0.0183925936
0.0177661414
0.0170815380
0.0163430403
0.0155557995
0.0147254825
0.0138570386
0.0129624321
0.0120502254
0.0111294712
0.0102095312
0.0092998571
0.0084097404
0.0075480412
0.0067229113
0.0059415306
0.0052098736
0.0045360171
0.0039223142
0.0033673193
0.0028706050
0.0024305030
0.0020443134
0.0017085374
0.0014191191
0.0011716778
0.0009617177
0.0007848051
0.0006368467
0.0005157650
0.0004152722
0.0003323194
0.0002642245
0.0002086482
0.0001635639
0.0001272261
0.0000981384
0.0000750246
0.0000568018
0.0000425561
0.0000316599
0.0000233681
0.0000170321
0.0000122453
0.0000086738
0.0000060459
0.0000041414
0.0000027843
0.0000018348
0.0000011837
0.0000007465
0.0000004599
0.0000002830
0.0000001702
